Date,Open,High,Low,Close,Adj Close,Volume
1997-10-29,22.750000,22.750000,21.625000,22.250000,22.250000,2049600
1997-10-30,20.500000,22.000000,20.250000,22.000000,22.000000,423400
1997-10-31,22.000000,22.375000,22.000000,22.125000,22.125000,174200
1997-11-03,22.000000,22.125000,21.625000,21.625000,21.625000,103900
1997-11-04,21.625000,22.500000,21.625000,22.500000,22.500000,230300
1997-11-05,22.250000,22.625000,22.250000,22.500000,22.500000,298100
1997-11-06,22.500000,22.875000,22.375000,22.625000,22.625000,119400
1997-11-07,22.125000,22.500000,22.125000,22.500000,22.500000,37800
1997-11-10,22.375000,22.500000,22.000000,22.125000,22.125000,97500
1997-11-11,22.125000,22.375000,22.125000,22.125000,22.125000,50000
1997-11-12,22.125000,22.250000,21.500000,21.500000,21.500000,10400
1997-11-13,21.375000,21.625000,21.125000,21.250000,21.250000,45800
1997-11-14,21.125000,21.250000,20.750000,20.875000,20.875000,130200
1997-11-17,20.875000,21.000000,20.625000,20.625000,20.625000,22000
1997-11-18,20.625000,20.875000,20.500000,20.625000,20.625000,147500
1997-11-19,20.625000,21.000000,20.500000,21.000000,21.000000,37900
1997-11-20,21.000000,21.000000,20.750000,20.750000,20.750000,13000
1997-11-21,21.000000,21.000000,20.500000,20.500000,20.500000,9500
1997-11-24,20.875000,20.937500,19.000000,19.250000,19.250000,122100
1997-11-25,19.750000,20.125000,19.625000,19.875000,19.875000,156900
1997-11-26,20.000000,20.500000,20.000000,20.375000,20.375000,258500
1997-11-28,20.125000,20.375000,20.000000,20.250000,20.250000,31900
1997-12-01,20.000000,20.625000,20.000000,20.375000,20.375000,54200
1997-12-02,20.625000,20.625000,20.250000,20.250000,20.250000,21800
1997-12-03,20.250000,20.500000,19.375000,19.750000,19.750000,165600
1997-12-04,19.750000,19.750000,19.500000,19.750000,19.750000,14800
1997-12-05,19.750000,20.000000,19.750000,20.000000,20.000000,13700
1997-12-08,20.000000,20.125000,20.000000,20.125000,20.125000,34900
1997-12-09,20.125000,20.375000,19.750000,20.125000,20.125000,86300
1997-12-10,20.125000,20.625000,20.125000,20.500000,20.500000,146200
1997-12-11,20.625000,20.875000,20.375000,20.875000,20.875000,11600
1997-12-12,20.625000,21.000000,20.625000,20.875000,20.875000,4800
1997-12-15,20.875000,21.250000,20.750000,21.125000,21.125000,34900
1997-12-16,21.125000,21.125000,20.750000,20.812500,20.812500,6300
1997-12-17,21.125000,21.625000,20.875000,21.625000,21.625000,30500
1997-12-18,21.750000,22.375000,21.375000,22.250000,22.250000,37800
1997-12-19,22.625000,22.625000,22.250000,22.250000,22.250000,96400
1997-12-22,22.125000,22.375000,22.125000,22.375000,22.375000,224900
1997-12-23,22.500000,24.250000,22.500000,24.250000,24.250000,74500
1997-12-24,24.500000,25.625000,24.000000,25.500000,25.500000,67800
1997-12-26,25.250000,25.375000,25.000000,25.000000,25.000000,5200
1997-12-29,25.250000,25.250000,24.937500,25.125000,25.125000,10500
1997-12-30,25.250000,25.250000,24.875000,24.875000,24.875000,17400
1997-12-31,25.250000,26.375000,24.875000,26.375000,26.375000,18200
1998-01-02,25.625000,26.000000,25.375000,25.750000,25.750000,27900
1998-01-05,25.375000,25.500000,24.875000,25.125000,25.125000,265600
1998-01-06,25.625000,26.000000,24.875000,26.000000,26.000000,44900
1998-01-07,25.625000,26.125000,25.625000,26.125000,26.125000,9800
1998-01-08,25.625000,26.000000,25.625000,25.625000,25.625000,12700
1998-01-09,25.625000,26.125000,25.125000,25.250000,25.250000,16900
1998-01-12,25.250000,25.875000,25.250000,25.250000,25.250000,2100
1998-01-13,25.250000,25.875000,25.250000,25.250000,25.250000,16400
1998-01-14,25.875000,25.875000,25.000000,25.000000,25.000000,18900
1998-01-15,25.625000,25.625000,25.000000,25.000000,25.000000,13600
1998-01-16,25.500000,25.500000,24.375000,24.500000,24.500000,6500
1998-01-20,24.375000,24.625000,24.375000,24.625000,24.625000,20800
1998-01-21,24.250000,24.562500,24.250000,24.562500,24.562500,69900
1998-01-22,24.375000,24.625000,24.125000,24.125000,24.125000,30800
1998-01-23,24.500000,24.500000,24.000000,24.000000,24.000000,2900
1998-01-26,24.500000,24.500000,23.875000,23.875000,23.875000,11100
1998-01-27,24.187500,24.187500,24.000000,24.000000,24.000000,26000
1998-01-28,24.000000,24.250000,23.875000,24.250000,24.250000,6800
1998-01-29,23.875000,24.500000,23.875000,24.187500,24.187500,153800
1998-01-30,24.375000,24.750000,24.375000,24.750000,24.750000,5500
1998-02-02,24.750000,24.750000,24.375000,24.375000,24.375000,48900
1998-02-03,24.375000,24.875000,24.250000,24.875000,24.875000,17900
1998-02-04,24.875000,25.000000,24.375000,25.000000,25.000000,6400
1998-02-05,24.750000,25.125000,24.750000,25.125000,25.125000,6000
1998-02-06,24.750000,25.625000,24.750000,25.500000,25.500000,45000
1998-02-09,25.875000,26.250000,25.250000,25.750000,25.750000,25800
1998-02-10,26.125000,26.125000,25.750000,26.000000,26.000000,9200
1998-02-11,26.125000,26.125000,25.937500,26.000000,26.000000,18700
1998-02-12,26.125000,26.125000,26.000000,26.125000,26.125000,10500
1998-02-13,25.750000,26.125000,25.750000,26.125000,26.125000,12200
1998-02-17,25.750000,26.000000,25.500000,25.750000,25.750000,6800
1998-02-18,25.625000,26.000000,25.625000,26.000000,26.000000,5900
1998-02-19,26.000000,26.000000,25.625000,25.625000,25.625000,17000
1998-02-20,25.500000,25.750000,25.500000,25.750000,25.750000,3200
1998-02-23,25.625000,25.625000,25.125000,25.125000,25.125000,9800
1998-02-24,25.000000,25.000000,24.750000,24.750000,24.750000,25400
1998-02-25,24.875000,24.875000,23.875000,23.875000,23.875000,13000
1998-02-26,24.000000,24.000000,23.750000,23.875000,23.875000,110500
1998-02-27,24.000000,24.375000,24.000000,24.375000,24.375000,24900
1998-03-02,24.375000,24.375000,24.125000,24.125000,24.125000,12500
1998-03-03,24.125000,24.250000,23.875000,24.125000,24.125000,161800
1998-03-04,23.875000,24.500000,23.875000,24.250000,24.250000,134200
1998-03-05,23.750000,24.500000,23.750000,24.125000,24.125000,21300
1998-03-06,24.375000,24.375000,24.125000,24.125000,24.125000,49200
1998-03-09,24.375000,24.500000,24.375000,24.500000,24.500000,1800
1998-03-10,24.250000,24.750000,24.250000,24.500000,24.500000,12800
1998-03-11,25.000000,26.000000,25.000000,25.000000,25.000000,14500
1998-03-12,25.500000,25.625000,25.125000,25.625000,25.625000,37100
1998-03-13,25.000000,25.625000,25.000000,25.625000,25.625000,22600
1998-03-16,25.875000,27.000000,25.875000,27.000000,27.000000,119800
1998-03-17,27.500000,28.250000,27.250000,27.250000,27.250000,28400
1998-03-18,26.875000,27.375000,26.875000,26.875000,26.875000,12300
1998-03-19,27.375000,28.500000,27.375000,28.000000,28.000000,27900
1998-03-20,27.500000,28.062500,27.500000,28.000000,28.000000,7100
1998-03-23,28.000000,28.000000,27.375000,27.375000,27.375000,18000
1998-03-24,27.875000,27.875000,26.875000,26.875000,26.875000,26000
1998-03-25,27.000000,27.000000,26.125000,26.125000,26.125000,11000
1998-03-26,26.500000,26.750000,26.125000,26.500000,26.500000,17400
1998-03-27,26.500000,26.625000,25.875000,26.500000,26.500000,11600
1998-03-30,26.125000,26.500000,25.875000,26.500000,26.500000,184500
1998-03-31,26.500000,26.500000,26.000000,26.437500,26.437500,10800
1998-04-01,26.500000,26.500000,26.250000,26.500000,26.500000,15300
1998-04-02,25.875000,28.000000,25.875000,27.500000,27.500000,18100
1998-04-03,27.500000,28.375000,27.500000,28.125000,28.125000,40900
1998-04-06,28.375000,28.375000,27.500000,28.000000,28.000000,10500
1998-04-07,28.375000,28.375000,27.500000,28.000000,28.000000,5600
1998-04-08,27.500000,28.250000,27.500000,28.250000,28.250000,7800
1998-04-09,27.750000,28.375000,27.750000,28.375000,28.375000,3300
1998-04-13,27.625000,28.125000,27.625000,28.125000,28.125000,10100
1998-04-14,28.000000,28.875000,27.875000,28.875000,28.875000,20800
1998-04-15,28.625000,30.750000,28.625000,30.750000,30.750000,27900
1998-04-16,31.250000,32.125000,30.750000,32.125000,32.125000,21100
1998-04-17,31.375000,34.000000,31.375000,33.625000,33.625000,24100
1998-04-20,33.625000,33.750000,32.000000,32.125000,32.125000,17800
1998-04-21,32.125000,32.375000,31.625000,32.375000,32.375000,22300
1998-04-22,33.125000,33.125000,32.375000,33.125000,33.125000,7400
1998-04-23,33.062500,33.375000,33.000000,33.250000,33.250000,40400
1998-04-24,33.375000,33.375000,33.000000,33.000000,33.000000,5600
1998-04-27,32.250000,33.250000,32.250000,32.500000,32.500000,17300
1998-04-28,33.000000,33.000000,32.250000,32.250000,32.250000,5700
1998-04-29,32.250000,33.000000,30.750000,31.500000,31.500000,14700
1998-04-30,31.500000,31.500000,30.750000,31.125000,31.125000,16600
1998-05-01,30.750000,30.750000,30.062500,30.312500,30.312500,18700
1998-05-04,30.000000,30.625000,29.625000,30.125000,30.125000,13900
1998-05-05,30.125000,30.125000,29.750000,29.750000,29.750000,1200
1998-05-06,29.500000,29.500000,27.125000,28.375000,28.375000,212800
1998-05-07,28.125000,28.375000,28.125000,28.250000,28.250000,25300
1998-05-08,28.375000,29.125000,28.250000,28.625000,28.625000,228200
1998-05-11,28.625000,28.625000,28.000000,28.500000,28.500000,127100
1998-05-12,28.125000,28.375000,28.000000,28.125000,28.125000,159500
1998-05-13,28.125000,28.125000,28.125000,28.125000,28.125000,0
1998-05-14,28.000000,28.500000,28.000000,28.000000,28.000000,123200
1998-05-15,28.250000,28.250000,28.125000,28.125000,28.125000,5000
1998-05-18,28.125000,28.125000,28.000000,28.000000,28.000000,17800
1998-05-19,28.250000,28.250000,28.125000,28.125000,28.125000,2600
1998-05-20,28.000000,28.250000,28.000000,28.000000,28.000000,7900
1998-05-21,28.250000,28.250000,28.000000,28.125000,28.125000,4300
1998-05-22,28.000000,28.125000,27.250000,27.250000,27.250000,19800
1998-05-26,27.250000,27.750000,27.250000,27.312500,27.312500,22300
1998-05-27,27.000000,27.750000,26.875000,26.875000,26.875000,20100
1998-05-28,26.875000,26.875000,26.500000,26.500000,26.500000,8800
1998-05-29,26.625000,26.625000,26.250000,26.625000,26.625000,24200
1998-06-01,26.625000,26.750000,26.500000,26.500000,26.500000,11000
1998-06-02,26.500000,26.750000,26.000000,26.375000,26.375000,41700
1998-06-03,26.375000,26.750000,26.000000,26.625000,26.625000,18300
1998-06-04,26.625000,26.625000,26.000000,26.375000,26.375000,12400
1998-06-05,26.312500,26.625000,26.000000,26.625000,26.625000,136700
1998-06-08,26.375000,26.500000,26.250000,26.500000,26.500000,36400
1998-06-09,26.500000,27.000000,26.000000,27.000000,27.000000,170200
1998-06-10,26.812500,27.125000,26.625000,26.625000,26.625000,3500
1998-06-11,26.625000,27.125000,26.500000,26.500000,26.500000,39600
1998-06-12,26.625000,26.625000,26.125000,26.500000,26.500000,47200
1998-06-15,26.250000,26.875000,26.250000,26.531250,26.531250,35900
1998-06-16,27.062500,27.062500,26.000000,26.000000,26.000000,34900
1998-06-17,26.500000,26.500000,25.875000,26.093750,26.093750,28900
1998-06-18,25.875000,26.250000,25.875000,26.062500,26.062500,5400
1998-06-19,25.875000,25.875000,25.000000,25.250000,25.250000,11300
1998-06-22,25.062500,25.062500,24.750000,25.000000,25.000000,8900
1998-06-23,25.125000,25.125000,24.500000,24.750000,24.750000,242800
1998-06-24,25.000000,25.250000,24.625000,24.750000,24.750000,13600
1998-06-25,24.562500,25.250000,24.375000,24.750000,24.750000,98400
1998-06-26,25.500000,26.125000,25.125000,25.625000,25.625000,36300
1998-06-29,25.125000,25.625000,25.125000,25.625000,25.625000,5200
1998-06-30,25.500000,27.000000,25.500000,27.000000,27.000000,92000
1998-07-01,27.000000,27.000000,25.625000,25.875000,25.875000,44400
1998-07-02,25.875000,25.875000,25.500000,25.750000,25.750000,7900
1998-07-06,25.750000,25.750000,25.500000,25.750000,25.750000,1400
1998-07-07,25.625000,25.750000,25.625000,25.625000,25.625000,5600
1998-07-08,25.500000,25.625000,25.500000,25.625000,25.625000,600
1998-07-09,26.000000,26.000000,25.625000,26.000000,26.000000,7500
1998-07-10,26.125000,26.750000,25.875000,26.250000,26.250000,78700
1998-07-13,26.750000,27.375000,26.562500,27.375000,27.375000,15800
1998-07-14,26.875000,28.000000,26.875000,27.625000,27.625000,22500
1998-07-15,27.750000,28.250000,27.250000,28.000000,28.000000,19100
1998-07-16,28.125000,28.125000,27.875000,27.875000,27.875000,2600
1998-07-17,28.250000,29.000000,28.250000,29.000000,29.000000,32000
1998-07-20,29.125000,29.312500,27.500000,27.500000,27.500000,36700
1998-07-21,27.625000,27.875000,27.125000,27.500000,27.500000,33900
1998-07-22,28.000000,30.750000,27.750000,30.750000,30.750000,1932400
1998-07-23,29.750000,29.875000,29.125000,29.500000,29.500000,148000
1998-07-24,29.375000,31.500000,29.375000,30.125000,30.125000,249100
1998-07-27,29.875000,30.750000,29.750000,30.000000,30.000000,67200
1998-07-28,30.000000,30.250000,29.625000,29.875000,29.875000,61500
1998-07-29,29.500000,30.500000,29.500000,29.875000,29.875000,26300
1998-07-30,30.125000,30.125000,29.500000,29.625000,29.625000,68000
1998-07-31,29.625000,29.625000,29.375000,29.375000,29.375000,78500
1998-08-03,29.250000,29.250000,28.875000,29.000000,29.000000,54500
1998-08-04,29.000000,29.250000,28.500000,28.500000,28.500000,95900
1998-08-05,28.500000,29.250000,28.500000,28.500000,28.500000,81600
1998-08-06,28.500000,29.000000,28.500000,28.750000,28.750000,11700
1998-08-07,28.500000,29.000000,28.000000,28.000000,28.000000,31900
1998-08-10,28.062500,28.250000,28.000000,28.000000,28.000000,11600
1998-08-11,28.000000,28.000000,26.000000,26.750000,26.750000,120900
1998-08-12,27.000000,28.125000,26.875000,28.125000,28.125000,69500
1998-08-13,27.500000,28.750000,27.500000,28.000000,28.000000,10700
1998-08-14,28.750000,28.750000,28.125000,28.750000,28.750000,5200
1998-08-17,28.750000,28.750000,27.875000,28.312500,28.312500,73400
1998-08-18,28.125000,28.500000,27.750000,28.187500,28.187500,37400
1998-08-19,28.375000,30.000000,28.375000,29.625000,29.625000,61700
1998-08-20,29.375000,29.750000,29.375000,29.625000,29.625000,12500
1998-08-21,29.500000,29.625000,29.125000,29.468750,29.468750,47500
1998-08-24,29.250000,29.500000,29.250000,29.375000,29.375000,30100
1998-08-25,29.500000,29.500000,28.000000,28.750000,28.750000,221100
1998-08-26,28.375000,28.375000,26.500000,27.875000,27.875000,31800
1998-08-27,27.500000,28.625000,26.500000,27.250000,27.250000,92100
1998-08-28,27.875000,27.875000,27.062500,27.312500,27.312500,68200
1998-08-31,27.250000,27.250000,25.125000,25.125000,25.125000,107500
1998-09-01,26.000000,26.000000,25.000000,25.000000,25.000000,74900
1998-09-02,24.750000,25.000000,24.000000,24.750000,24.750000,136100
1998-09-03,24.562500,25.375000,24.562500,25.375000,25.375000,11400
1998-09-04,25.375000,26.125000,25.250000,25.562500,25.562500,55800
1998-09-08,26.375000,27.250000,26.000000,27.000000,27.000000,39100
1998-09-09,27.500000,29.500000,27.250000,27.750000,27.750000,45500
1998-09-10,27.125000,28.000000,26.500000,27.687500,27.687500,39200
1998-09-11,27.000000,27.875000,27.000000,27.625000,27.625000,11400
1998-09-14,27.500000,27.625000,26.750000,27.250000,27.250000,39000
1998-09-15,26.812500,27.625000,26.812500,27.625000,27.625000,26400
1998-09-16,27.500000,30.250000,27.375000,29.750000,29.750000,194700
1998-09-17,29.750000,29.750000,29.000000,29.500000,29.500000,13300
1998-09-18,29.500000,29.875000,29.125000,29.875000,29.875000,23100
1998-09-21,29.437500,30.375000,29.125000,30.375000,30.375000,22600
1998-09-22,30.250000,30.500000,30.000000,30.062500,30.062500,257100
1998-09-23,30.500000,31.875000,30.062500,31.125000,31.125000,111900
1998-09-24,31.437500,31.593750,31.000000,31.000000,31.000000,47600
1998-09-25,31.000000,31.250000,30.625000,31.125000,31.125000,62200
1998-09-28,31.250000,31.250000,30.625000,30.875000,30.875000,3400
1998-09-29,30.875000,31.250000,30.875000,31.250000,31.250000,88000
1998-09-30,30.687500,34.000000,30.187500,34.000000,34.000000,221100
1998-10-01,33.000000,33.000000,30.625000,30.625000,30.625000,279100
1998-10-02,31.500000,31.625000,30.250000,30.312500,30.312500,57200
1998-10-05,30.250000,30.500000,29.000000,30.375000,30.375000,30200
1998-10-06,30.625000,31.375000,30.250000,30.250000,30.250000,33000
1998-10-07,30.625000,30.625000,27.500000,28.000000,28.000000,28300
1998-10-08,27.625000,27.625000,25.250000,27.000000,27.000000,133400
1998-10-09,27.000000,30.000000,27.000000,29.562500,29.562500,121100
1998-10-12,30.000000,31.375000,29.375000,31.000000,31.000000,33000
1998-10-13,32.000000,32.375000,31.250000,31.250000,31.250000,59100
1998-10-14,31.250000,32.000000,30.875000,31.375000,31.375000,185400
1998-10-15,31.937500,31.937500,31.000000,31.750000,31.750000,69600
1998-10-16,31.812500,31.812500,31.000000,31.500000,31.500000,27400
1998-10-19,31.812500,34.000000,31.500000,32.875000,32.875000,112200
1998-10-20,33.250000,33.250000,30.125000,30.875000,30.875000,37500
1998-10-21,30.500000,31.000000,30.500000,30.500000,30.500000,2400
1998-10-22,30.500000,30.500000,29.000000,29.375000,29.375000,39500
1998-10-23,29.250000,29.625000,27.250000,28.875000,28.875000,56700
1998-10-26,29.125000,29.750000,28.375000,29.531250,29.531250,53700
1998-10-27,29.500000,29.750000,28.750000,29.750000,29.750000,7800
1998-10-28,28.750000,29.750000,28.750000,29.500000,29.500000,39300
1998-10-29,29.500000,29.500000,28.625000,28.625000,28.625000,33900
1998-10-30,28.625000,29.500000,28.625000,29.500000,29.500000,8900
1998-11-02,29.500000,31.125000,29.000000,31.125000,31.125000,56000
1998-11-03,30.625000,32.000000,30.625000,32.000000,32.000000,6000
1998-11-04,31.250000,32.875000,31.250000,32.500000,32.500000,80700
1998-11-05,32.687500,34.000000,32.687500,33.343750,33.343750,49300
1998-11-06,33.656250,33.812500,32.875000,33.187500,33.187500,55900
1998-11-09,33.375000,33.375000,32.437500,32.500000,32.500000,13800
1998-11-10,32.500000,32.625000,32.000000,32.000000,32.000000,6600
1998-11-11,31.812500,32.187500,31.125000,31.125000,31.125000,12800
1998-11-12,31.125000,31.375000,30.937500,31.000000,31.000000,112200
1998-11-13,31.000000,31.375000,30.000000,31.375000,31.375000,72100
1998-11-16,31.500000,31.500000,30.000000,30.750000,30.750000,81700
1998-11-17,30.750000,31.250000,30.250000,31.250000,31.250000,73200
1998-11-18,31.312500,31.375000,30.625000,30.875000,30.875000,32900
1998-11-19,30.750000,31.250000,30.750000,31.187500,31.187500,88500
1998-11-20,31.000000,31.250000,31.000000,31.187500,31.187500,25600
1998-11-23,31.375000,31.625000,31.000000,31.000000,31.000000,47200
1998-11-24,30.875000,31.250000,30.875000,31.187500,31.187500,71200
1998-11-25,31.000000,31.375000,31.000000,31.000000,31.000000,5400
1998-11-27,31.125000,31.375000,30.875000,31.250000,31.250000,99100
1998-11-30,31.250000,31.375000,31.125000,31.250000,31.250000,10100
1998-12-01,31.000000,31.250000,30.875000,31.125000,31.125000,62300
1998-12-02,30.875000,32.750000,30.750000,32.750000,32.750000,112900
1998-12-03,32.625000,32.625000,31.625000,31.625000,31.625000,99700
1998-12-04,31.500000,31.500000,30.000000,30.000000,30.000000,140600
1998-12-07,29.625000,30.375000,29.500000,30.375000,30.375000,49000
1998-12-08,29.500000,30.250000,29.375000,29.562500,29.562500,127900
1998-12-09,29.875000,29.875000,29.375000,29.500000,29.500000,3500
1998-12-10,29.500000,29.625000,28.562500,28.562500,28.562500,22100
1998-12-11,28.562500,28.625000,28.562500,28.625000,28.625000,4900
1998-12-14,28.625000,29.125000,27.812500,27.812500,27.812500,23600
1998-12-15,28.437500,28.437500,27.000000,27.750000,27.750000,73500
1998-12-16,27.625000,27.625000,27.250000,27.437500,27.437500,95200
1998-12-17,27.375000,27.375000,26.625000,26.875000,26.875000,114200
1998-12-18,26.625000,27.500000,26.625000,27.500000,27.500000,116500
1998-12-21,27.125000,27.750000,27.125000,27.750000,27.750000,6300
1998-12-22,27.750000,28.875000,27.625000,28.375000,28.375000,10800
1998-12-23,28.500000,29.250000,28.500000,29.250000,29.250000,89200
1998-12-24,28.750000,31.000000,28.750000,29.937500,29.937500,31200
1998-12-28,30.500000,32.250000,30.500000,31.500000,31.500000,53600
1998-12-29,32.250000,34.000000,32.250000,33.625000,33.625000,40000
1998-12-30,33.625000,33.875000,32.500000,33.875000,33.875000,1000
1998-12-31,32.750000,39.000000,32.750000,37.125000,37.125000,261700
1999-01-04,35.875000,35.875000,32.250000,32.250000,32.250000,123800
1999-01-05,32.000000,33.062500,32.000000,33.000000,33.000000,36300
1999-01-06,32.937500,33.187500,32.625000,32.625000,32.625000,57000
1999-01-07,33.125000,33.125000,32.750000,32.750000,32.750000,2300
1999-01-08,32.687500,33.125000,32.500000,32.750000,32.750000,76700
1999-01-11,32.875000,32.875000,30.625000,30.625000,30.625000,130700
1999-01-12,31.000000,31.000000,27.812500,28.125000,28.125000,104200
1999-01-13,28.750000,29.000000,26.250000,27.125000,27.125000,870000
1999-01-14,27.625000,27.812500,26.750000,27.187500,27.187500,590800
1999-01-15,27.375000,27.375000,26.625000,26.875000,26.875000,249200
1999-01-19,27.125000,27.125000,26.500000,26.562500,26.562500,179100
1999-01-20,26.500000,26.562500,24.625000,25.750000,25.750000,286900
1999-01-21,26.000000,26.000000,25.125000,25.875000,25.875000,230300
1999-01-22,25.750000,26.250000,25.500000,25.687500,25.687500,222700
1999-01-25,25.687500,25.687500,25.000000,25.125000,25.125000,274800
1999-01-26,25.125000,26.125000,25.000000,25.687500,25.687500,519200
1999-01-27,26.500000,26.875000,26.312500,26.437500,26.437500,166500
1999-01-28,26.500000,26.625000,26.250000,26.625000,26.625000,321900
1999-01-29,26.375000,26.437500,25.000000,25.875000,25.875000,236500
1999-02-01,25.750000,25.750000,25.000000,25.437500,25.437500,98400
1999-02-02,25.312500,25.437500,25.000000,25.125000,25.125000,140400
1999-02-03,25.125000,25.750000,25.109375,25.750000,25.750000,163300
1999-02-04,25.750000,25.750000,25.437500,25.625000,25.625000,99100
1999-02-05,25.437500,25.750000,24.875000,24.875000,24.875000,118200
1999-02-08,24.875000,25.000000,23.000000,23.750000,23.750000,55500
1999-02-09,23.500000,24.000000,22.500000,23.187500,23.187500,314900
1999-02-10,22.750000,23.250000,22.000000,23.250000,23.250000,120200
1999-02-11,23.750000,24.000000,22.500000,23.687500,23.687500,59900
1999-02-12,23.625000,23.875000,23.437500,23.625000,23.625000,26300
1999-02-16,23.875000,24.500000,23.625000,23.875000,23.875000,17900
1999-02-17,23.875000,24.000000,23.500000,24.000000,24.000000,166300
1999-02-18,23.500000,24.500000,23.312500,23.312500,23.312500,101000
1999-02-19,23.500000,23.812500,23.000000,23.000000,23.000000,33600
1999-02-22,23.250000,23.250000,22.625000,22.625000,22.625000,182100
1999-02-23,22.750000,23.250000,22.000000,22.125000,22.125000,126500
1999-02-24,22.187500,22.500000,20.687500,20.687500,20.687500,333200
1999-02-25,20.625000,20.625000,19.000000,20.125000,20.125000,293700
1999-02-26,20.125000,21.000000,19.687500,21.000000,21.000000,339400
1999-03-01,20.812500,21.437500,20.375000,20.750000,20.750000,157900
1999-03-02,20.625000,20.750000,19.875000,20.125000,20.125000,156400
1999-03-03,20.187500,21.187500,20.000000,21.062500,21.062500,305600
1999-03-04,21.062500,21.750000,20.500000,20.875000,20.875000,89700
1999-03-05,20.812500,22.562500,20.812500,21.562500,21.562500,332500
1999-03-08,22.000000,23.062500,21.250000,22.000000,22.000000,200200
1999-03-09,22.500000,22.750000,21.875000,22.125000,22.125000,235800
1999-03-10,22.187500,23.062500,22.187500,22.875000,22.875000,125900
1999-03-11,23.125000,23.125000,21.250000,21.750000,21.750000,104000
1999-03-12,21.312500,21.625000,21.000000,21.500000,21.500000,44700
1999-03-15,21.625000,21.625000,21.062500,21.062500,21.062500,12800
1999-03-16,21.125000,21.125000,20.125000,20.312500,20.312500,168000
1999-03-17,20.312500,20.343750,20.000000,20.000000,20.000000,153800
1999-03-18,20.000000,21.625000,20.000000,21.375000,21.375000,68300
1999-03-19,21.375000,21.625000,20.625000,21.500000,21.500000,98200
1999-03-22,21.000000,21.250000,20.500000,21.187500,21.187500,158600
1999-03-23,20.750000,21.312500,20.312500,20.437500,20.437500,53400
1999-03-24,20.000000,20.250000,17.250000,18.000000,18.000000,613700
1999-03-25,18.750000,23.125000,18.500000,21.937500,21.937500,1753100
1999-03-26,21.812500,24.250000,21.562500,24.125000,24.125000,611800
1999-03-29,24.250000,25.500000,22.625000,22.875000,22.875000,378400
1999-03-30,22.875000,22.937500,19.500000,19.875000,19.875000,429700
1999-03-31,21.250000,22.625000,20.750000,22.562500,22.562500,728100
1999-04-01,22.625000,22.875000,21.000000,22.500000,22.500000,313700
1999-04-05,22.000000,22.375000,20.250000,21.750000,21.750000,99400
1999-04-06,21.500000,21.750000,21.000000,21.125000,21.125000,176100
1999-04-07,21.500000,21.500000,21.125000,21.250000,21.250000,79200
1999-04-08,21.250000,21.375000,20.750000,20.812500,20.812500,163300
1999-04-09,20.875000,21.125000,20.500000,21.000000,21.000000,156600
1999-04-12,20.625000,21.375000,20.625000,20.625000,20.625000,113100
1999-04-13,21.500000,21.500000,20.500000,20.500000,20.500000,40100
1999-04-14,25.125000,25.750000,23.125000,23.562500,23.562500,1509700
1999-04-15,23.750000,25.000000,23.000000,24.375000,24.375000,193700
1999-04-16,24.500000,25.500000,24.500000,25.500000,25.500000,382200
1999-04-19,25.500000,25.750000,25.000000,25.312500,25.312500,304400
1999-04-20,25.250000,25.750000,25.125000,25.500000,25.500000,77400
1999-04-21,25.250000,27.000000,25.250000,26.375000,26.375000,151600
1999-04-22,26.437500,26.625000,26.000000,26.000000,26.000000,147500
1999-04-23,25.500000,26.000000,25.250000,26.000000,26.000000,84800
1999-04-26,26.000000,26.000000,25.250000,25.750000,25.750000,151500
1999-04-27,25.375000,26.250000,25.375000,26.000000,26.000000,210600
1999-04-28,25.625000,25.750000,25.000000,25.375000,25.375000,189200
1999-04-29,24.875000,25.500000,24.875000,25.500000,25.500000,177200
1999-04-30,25.125000,25.875000,25.000000,25.000000,25.000000,116200
1999-05-03,25.000000,25.062500,24.875000,24.875000,24.875000,85400
1999-05-04,24.875000,24.875000,23.250000,23.375000,23.375000,107800
1999-05-05,23.000000,23.625000,21.750000,22.187500,22.187500,136000
1999-05-06,22.187500,22.187500,21.312500,21.312500,21.312500,94600
1999-05-07,21.656250,22.000000,21.250000,21.375000,21.375000,90400
1999-05-10,21.312500,22.375000,21.312500,22.375000,22.375000,31600
1999-05-11,22.187500,22.312500,21.187500,22.000000,22.000000,66200
1999-05-12,21.187500,21.500000,21.125000,21.250000,21.250000,24500
1999-05-13,21.062500,21.750000,19.812500,21.125000,21.125000,851200
1999-05-14,20.625000,20.625000,20.000000,20.250000,20.250000,93300
1999-05-17,20.312500,20.625000,19.687500,20.187500,20.187500,165400
1999-05-18,20.437500,20.750000,20.000000,20.500000,20.500000,84700
1999-05-19,20.312500,21.125000,20.312500,21.000000,21.000000,27600
1999-05-20,21.000000,21.000000,20.000000,20.000000,20.000000,270400
1999-05-21,20.500000,20.500000,19.812500,19.937500,19.937500,80000
1999-05-24,20.000000,20.375000,19.625000,19.750000,19.750000,125100
1999-05-25,19.875000,19.875000,19.312500,19.312500,19.312500,69200
1999-05-26,19.375000,19.687500,19.062500,19.437500,19.437500,25100
1999-05-27,19.437500,19.875000,19.250000,19.250000,19.250000,6500
1999-05-28,19.187500,19.750000,19.187500,19.687500,19.687500,46100
1999-06-01,19.750000,21.000000,19.750000,20.437500,20.437500,31400
1999-06-02,20.500000,20.750000,20.375000,20.625000,20.625000,56100
1999-06-03,20.687500,21.062500,20.500000,20.750000,20.750000,28600
1999-06-04,20.875000,21.187500,20.750000,21.000000,21.000000,67400
1999-06-07,21.125000,21.500000,20.875000,21.375000,21.375000,213400
1999-06-08,21.687500,23.875000,21.625000,22.000000,22.000000,218800
1999-06-09,22.375000,23.187500,22.000000,22.375000,22.375000,46300
1999-06-10,22.500000,22.875000,22.000000,22.000000,22.000000,18000
1999-06-11,22.500000,22.500000,22.000000,22.437500,22.437500,152500
1999-06-14,22.375000,23.437500,22.250000,23.125000,23.125000,77500
1999-06-15,22.875000,23.875000,22.875000,23.875000,23.875000,307900
1999-06-16,23.875000,23.875000,23.562500,23.812500,23.812500,83700
1999-06-17,23.437500,23.750000,23.437500,23.500000,23.500000,51000
1999-06-18,23.875000,23.875000,23.437500,23.875000,23.875000,75400
1999-06-21,24.000000,25.750000,23.750000,25.000000,25.000000,596700
1999-06-22,25.375000,25.375000,24.875000,24.937500,24.937500,324800
1999-06-23,25.062500,25.625000,25.000000,25.562500,25.562500,150300
1999-06-24,24.375000,25.187500,24.375000,25.000000,25.000000,269600
1999-06-25,24.968750,25.250000,24.500000,24.625000,24.625000,135500
1999-06-28,24.687500,24.812500,24.375000,24.375000,24.375000,116400
1999-06-29,24.625000,24.750000,24.250000,24.750000,24.750000,162000
1999-06-30,24.718750,26.375000,24.718750,26.000000,26.000000,442400
1999-07-01,25.968750,26.500000,25.937500,26.125000,26.125000,201900
1999-07-02,26.156250,26.250000,25.937500,26.250000,26.250000,39900
1999-07-06,26.062500,26.250000,26.000000,26.234375,26.234375,80800
1999-07-07,26.375000,26.375000,23.750000,25.375000,25.375000,509600
1999-07-08,25.875000,26.125000,25.375000,26.125000,26.125000,187000
1999-07-09,26.062500,26.062500,25.750000,25.875000,25.875000,66500
1999-07-12,25.890625,26.062500,25.625000,26.062500,26.062500,55300
1999-07-13,25.750000,26.250000,25.750000,25.937500,25.937500,57800
1999-07-14,26.250000,26.250000,25.437500,25.875000,25.875000,44400
1999-07-15,25.875000,26.062500,25.500000,26.000000,26.000000,59600
1999-07-16,26.000000,26.250000,26.000000,26.125000,26.125000,113000
1999-07-19,26.000000,26.250000,26.000000,26.250000,26.250000,40100
1999-07-20,26.125000,26.500000,26.125000,26.250000,26.250000,192700
1999-07-21,26.250000,26.500000,26.187500,26.500000,26.500000,181400
1999-07-22,26.375000,26.500000,26.281250,26.375000,26.375000,83500
1999-07-23,26.312500,26.687500,26.312500,26.437500,26.437500,89900
1999-07-26,26.437500,26.625000,26.437500,26.500000,26.500000,73200
1999-07-27,26.531250,26.875000,26.500000,26.812500,26.812500,90400
1999-07-28,26.687500,27.250000,26.687500,27.062500,27.062500,69400
1999-07-29,26.750000,26.750000,26.250000,26.625000,26.625000,52000
1999-07-30,26.625000,26.875000,26.562500,26.625000,26.625000,159300
1999-08-02,26.562500,26.625000,26.125000,26.375000,26.375000,83400
1999-08-03,26.375000,26.375000,25.500000,26.062500,26.062500,113400
1999-08-04,26.062500,26.062500,25.250000,25.500000,25.500000,193200
1999-08-05,25.312500,25.312500,23.875000,23.937500,23.937500,183900
1999-08-06,24.000000,24.375000,23.500000,24.000000,24.000000,288200
1999-08-09,24.500000,24.750000,24.250000,24.250000,24.250000,106000
1999-08-10,24.437500,24.500000,24.125000,24.437500,24.437500,54400
1999-08-11,24.500000,24.500000,24.125000,24.375000,24.375000,31300
1999-08-12,24.343750,24.500000,24.000000,24.187500,24.187500,118200
1999-08-13,24.250000,24.375000,23.625000,23.687500,23.687500,209200
1999-08-16,23.687500,24.437500,23.687500,24.000000,24.000000,340100
1999-08-17,24.000000,24.000000,22.250000,22.562500,22.562500,345300
1999-08-18,22.500000,22.500000,19.937500,19.937500,19.937500,379100
1999-08-19,20.062500,20.875000,20.062500,20.625000,20.625000,437700
1999-08-20,20.531250,20.562500,20.375000,20.500000,20.500000,104700
1999-08-23,20.250000,21.062500,20.250000,20.375000,20.375000,45400
1999-08-24,20.500000,20.750000,20.437500,20.750000,20.750000,199000
1999-08-25,20.625000,20.750000,20.312500,20.375000,20.375000,200700
1999-08-26,20.500000,20.562500,19.812500,19.937500,19.937500,78500
1999-08-27,20.375000,20.375000,18.500000,18.875000,18.875000,56100
1999-08-30,19.000000,19.000000,16.500000,16.500000,16.500000,310000
1999-08-31,17.093750,17.375000,16.812500,17.000000,17.000000,419000
1999-09-01,17.000000,17.750000,17.000000,17.750000,17.750000,628400
1999-09-02,17.750000,17.750000,16.750000,16.750000,16.750000,116500
1999-09-03,17.500000,17.500000,16.937500,16.937500,16.937500,47500
1999-09-07,17.125000,17.250000,16.000000,16.250000,16.250000,76000
1999-09-08,16.250000,16.250000,14.500000,14.687500,14.687500,575600
1999-09-09,15.000000,16.000000,14.750000,15.312500,15.312500,1136500
1999-09-10,15.750000,15.937500,15.375000,15.562500,15.562500,263700
1999-09-13,15.718750,16.375000,15.625000,16.375000,16.375000,421700
1999-09-14,15.968750,16.375000,15.875000,16.000000,16.000000,540700
1999-09-15,15.937500,16.000000,15.500000,15.562500,15.562500,327200
1999-09-16,15.750000,15.750000,15.250000,15.343750,15.343750,291400
1999-09-17,15.687500,15.875000,15.500000,15.500000,15.500000,389700
1999-09-20,15.625000,15.750000,15.562500,15.625000,15.625000,197300
1999-09-21,15.625000,15.625000,15.125000,15.312500,15.312500,323500
1999-09-22,15.375000,16.250000,15.375000,15.875000,15.875000,314000
1999-09-23,15.937500,16.875000,15.875000,15.875000,15.875000,298500
1999-09-24,15.937500,16.125000,15.750000,16.062500,16.062500,79800
1999-09-27,16.281250,16.375000,16.000000,16.125000,16.125000,90400
1999-09-28,16.000000,16.250000,16.000000,16.125000,16.125000,110900
1999-09-29,16.156250,16.250000,16.000000,16.187500,16.187500,280400
1999-09-30,16.250000,16.812500,16.218750,16.687500,16.687500,182700
1999-10-01,16.875000,17.062500,16.750000,16.937500,16.937500,282600
1999-10-04,17.062500,17.125000,16.500000,16.625000,16.625000,101700
1999-10-05,16.812500,17.000000,16.250000,16.250000,16.250000,330200
1999-10-06,16.437500,16.625000,16.187500,16.437500,16.437500,82100
1999-10-07,16.437500,16.625000,16.437500,16.500000,16.500000,23800
1999-10-08,16.437500,16.500000,16.000000,16.000000,16.000000,55700
1999-10-11,16.312500,16.312500,16.000000,16.000000,16.000000,131500
1999-10-12,16.000000,16.125000,15.875000,16.000000,16.000000,15000
1999-10-13,15.875000,15.875000,15.187500,15.625000,15.625000,87300
1999-10-14,15.812500,16.062500,15.750000,15.875000,15.875000,46500
1999-10-15,15.500000,16.250000,15.312500,16.000000,16.000000,22000
1999-10-18,16.000000,16.000000,15.250000,15.250000,15.250000,52300
1999-10-19,15.250000,15.625000,14.562500,14.562500,14.562500,36700
1999-10-20,15.000000,15.000000,14.500000,14.812500,14.812500,59600
1999-10-21,14.375000,14.500000,14.000000,14.250000,14.250000,284300
1999-10-22,14.000000,14.312500,13.812500,13.937500,13.937500,91500
1999-10-25,13.875000,14.250000,12.812500,13.312500,13.312500,197500
1999-10-26,13.375000,13.375000,12.750000,12.875000,12.875000,301600
1999-10-27,13.125000,13.125000,12.750000,12.875000,12.875000,502500
1999-10-28,12.875000,13.500000,12.875000,13.437500,13.437500,219400
1999-10-29,13.625000,13.625000,13.250000,13.437500,13.437500,136000
1999-11-01,13.500000,13.750000,13.125000,13.750000,13.750000,164000
1999-11-02,13.875000,16.000000,13.875000,15.750000,15.750000,93400
1999-11-03,15.750000,17.437500,15.750000,16.375000,16.375000,108100
1999-11-04,16.250000,16.750000,16.250000,16.625000,16.625000,43600
1999-11-05,16.437500,17.000000,16.437500,16.937500,16.937500,80300
1999-11-08,16.875000,17.125000,16.812500,16.812500,16.812500,72500
1999-11-09,16.875000,16.875000,16.000000,16.000000,16.000000,29100
1999-11-10,16.375000,16.687500,15.937500,16.187500,16.187500,18300
1999-11-11,17.000000,17.000000,15.812500,15.812500,15.812500,31000
1999-11-12,15.750000,16.000000,15.500000,15.500000,15.500000,89700
1999-11-15,15.687500,15.875000,15.312500,15.625000,15.625000,28400
1999-11-16,15.562500,16.250000,15.562500,16.187500,16.187500,34800
1999-11-17,15.906250,16.250000,15.906250,16.125000,16.125000,94900
1999-11-18,16.187500,16.500000,16.000000,16.312500,16.312500,208900
1999-11-19,16.437500,16.500000,16.125000,16.500000,16.500000,195300
1999-11-22,16.281250,16.500000,15.937500,16.000000,16.000000,73600
1999-11-23,16.062500,16.500000,16.000000,16.375000,16.375000,128200
1999-11-24,16.125000,16.562500,16.125000,16.500000,16.500000,198800
1999-11-26,16.750000,16.875000,16.125000,16.250000,16.250000,73200
1999-11-29,16.500000,16.625000,16.187500,16.437500,16.437500,332200
1999-11-30,16.500000,16.500000,16.125000,16.437500,16.437500,52000
1999-12-01,16.375000,17.687500,16.375000,17.437500,17.437500,150000
1999-12-02,17.562500,18.375000,17.250000,18.000000,18.000000,214600
1999-12-03,18.187500,18.750000,18.156250,18.750000,18.750000,122200
1999-12-06,18.750000,18.750000,18.562500,18.562500,18.562500,119800
1999-12-07,18.687500,19.125000,18.656250,19.062500,19.062500,199900
1999-12-08,19.125000,19.125000,18.875000,18.875000,18.875000,131700
1999-12-09,18.875000,19.000000,18.750000,18.812500,18.812500,50900
1999-12-10,19.000000,19.000000,18.500000,18.562500,18.562500,70100
1999-12-13,18.625000,18.750000,18.375000,18.375000,18.375000,22300
1999-12-14,18.562500,18.625000,18.062500,18.062500,18.062500,34400
1999-12-15,18.156250,18.156250,17.812500,17.937500,17.937500,253100
1999-12-16,17.968750,18.125000,17.625000,17.875000,17.875000,181400
1999-12-17,17.812500,17.875000,17.500000,17.562500,17.562500,111400
1999-12-20,17.625000,17.625000,16.625000,17.375000,17.375000,133200
1999-12-21,17.406250,18.437500,17.312500,18.375000,18.375000,176600
1999-12-22,18.000000,18.250000,17.500000,18.000000,18.000000,108800
1999-12-23,17.937500,18.250000,17.937500,18.187500,18.187500,71500
1999-12-27,18.156250,18.500000,18.062500,18.375000,18.375000,81100
1999-12-28,18.250000,19.000000,18.250000,18.875000,18.875000,69700
1999-12-29,18.812500,19.312500,18.812500,19.312500,19.312500,100400
1999-12-30,19.000000,19.250000,18.812500,18.875000,18.875000,55400
1999-12-31,18.875000,19.000000,18.812500,18.875000,18.875000,65400
2000-01-03,19.000000,19.250000,18.750000,18.812500,18.812500,208300
2000-01-04,18.750000,18.812500,18.000000,18.000000,18.000000,64200
2000-01-05,18.125000,18.250000,17.750000,17.875000,17.875000,332400
2000-01-06,17.750000,17.875000,17.500000,17.562500,17.562500,98600
2000-01-07,17.500000,18.000000,17.500000,18.000000,18.000000,36700
2000-01-10,18.062500,18.250000,17.812500,18.125000,18.125000,52300
2000-01-11,18.250000,18.250000,17.750000,17.750000,17.750000,38400
2000-01-12,17.750000,18.125000,17.750000,17.812500,17.812500,26000
2000-01-13,17.906250,18.062500,17.812500,17.937500,17.937500,92900
2000-01-14,17.937500,18.000000,17.937500,17.937500,17.937500,61200
2000-01-18,17.906250,18.000000,17.562500,17.750000,17.750000,117100
2000-01-19,17.812500,17.812500,17.562500,17.625000,17.625000,21900
2000-01-20,17.625000,17.937500,17.500000,17.875000,17.875000,75500
2000-01-21,17.750000,17.875000,17.562500,17.625000,17.625000,192400
2000-01-24,17.625000,17.687500,16.750000,16.812500,16.812500,357500
2000-01-25,16.500000,16.625000,15.625000,15.812500,15.812500,109000
2000-01-26,15.625000,15.937500,15.125000,15.562500,15.562500,116300
2000-01-27,15.187500,15.750000,15.000000,15.500000,15.500000,91500
2000-01-28,15.687500,15.750000,15.312500,15.312500,15.312500,76600
2000-01-31,15.500000,15.500000,14.750000,15.062500,15.062500,338600
2000-02-01,15.062500,15.125000,14.250000,14.625000,14.625000,54100
2000-02-02,14.687500,15.250000,14.375000,14.687500,14.687500,66900
2000-02-03,14.968750,15.250000,14.687500,14.937500,14.937500,89500
2000-02-04,15.062500,15.125000,14.875000,15.125000,15.125000,74500
2000-02-07,15.125000,15.343750,15.000000,15.250000,15.250000,84900
2000-02-08,15.281250,15.437500,15.000000,15.312500,15.312500,75200
2000-02-09,15.000000,15.250000,14.750000,14.812500,14.812500,35100
2000-02-10,14.812500,14.843750,13.875000,14.750000,14.750000,67600
2000-02-11,14.625000,14.687500,14.250000,14.312500,14.312500,34400
2000-02-14,14.250000,14.500000,14.218750,14.500000,14.500000,42400
2000-02-15,14.437500,14.437500,13.750000,14.375000,14.375000,38300
2000-02-16,14.125000,14.375000,13.875000,13.937500,13.937500,128500
2000-02-17,14.187500,14.375000,13.875000,14.312500,14.312500,40100
2000-02-18,14.125000,14.375000,13.875000,13.875000,13.875000,17000
2000-02-22,13.781250,14.375000,13.750000,14.187500,14.187500,30200
2000-02-23,14.000000,14.312500,13.562500,14.000000,14.000000,47200
2000-02-24,14.312500,14.312500,13.687500,13.937500,13.937500,96700
2000-02-25,12.250000,12.500000,6.781250,7.375000,7.375000,2968300
2000-02-28,7.625000,7.750000,6.937500,7.250000,7.250000,1308500
2000-02-29,7.250000,7.375000,6.500000,6.843750,6.843750,746500
2000-03-01,6.859375,6.875000,6.375000,6.687500,6.687500,391400
2000-03-02,7.000000,7.125000,6.625000,7.000000,7.000000,512700
2000-03-03,7.250000,7.562500,7.250000,7.437500,7.437500,541000
2000-03-06,7.562500,8.250000,7.375000,7.593750,7.593750,339900
2000-03-07,7.812500,8.000000,7.375000,7.375000,7.375000,189000
2000-03-08,7.390625,8.000000,7.375000,7.750000,7.750000,183700
2000-03-09,7.812500,7.875000,7.312500,7.343750,7.343750,159700
2000-03-10,7.625000,7.687500,7.250000,7.250000,7.250000,162000
2000-03-13,7.250000,7.718750,7.218750,7.375000,7.375000,161200
2000-03-14,7.375000,7.500000,7.000000,7.093750,7.093750,152500
2000-03-15,7.125000,7.375000,6.875000,6.968750,6.968750,137500
2000-03-16,7.093750,7.500000,6.875000,7.375000,7.375000,416700
2000-03-17,7.375000,7.750000,7.312500,7.687500,7.687500,270600
2000-03-20,7.750000,8.062500,7.625000,7.875000,7.875000,219800
2000-03-21,7.875000,8.437500,7.750000,7.750000,7.750000,89500
2000-03-22,7.625000,7.937500,7.468750,7.750000,7.750000,58900
2000-03-23,7.765625,7.765625,7.250000,7.750000,7.750000,109600
2000-03-24,7.750000,8.250000,7.500000,7.718750,7.718750,189300
2000-03-27,7.703125,7.750000,7.500000,7.562500,7.562500,85500
2000-03-28,7.625000,8.000000,7.375000,7.875000,7.875000,235700
2000-03-29,7.875000,7.875000,7.375000,7.500000,7.500000,99700
2000-03-30,7.625000,7.687500,7.375000,7.500000,7.500000,117800
2000-03-31,7.500000,7.500000,7.000000,7.500000,7.500000,196300
2000-04-03,7.250000,7.562500,7.250000,7.375000,7.375000,188200
2000-04-04,7.500000,7.500000,7.125000,7.250000,7.250000,146000
2000-04-05,7.250000,7.750000,7.000000,7.312500,7.312500,244400
2000-04-06,7.375000,7.375000,7.000000,7.125000,7.125000,53500
2000-04-07,7.281250,7.437500,7.062500,7.250000,7.250000,261700
2000-04-10,7.312500,7.312500,7.000000,7.125000,7.125000,107900
2000-04-11,7.125000,7.125000,6.500000,6.812500,6.812500,190400
2000-04-12,6.843750,6.843750,6.562500,6.625000,6.625000,146600
2000-04-13,6.250000,6.625000,6.187500,6.250000,6.250000,197900
2000-04-14,6.250000,6.250000,5.562500,5.718750,5.718750,106400
2000-04-17,5.875000,6.062500,5.687500,5.937500,5.937500,353700
2000-04-18,5.875000,6.062500,5.750000,6.000000,6.000000,140000
2000-04-19,6.000000,6.500000,5.875000,6.312500,6.312500,351300
2000-04-20,6.343750,6.343750,6.062500,6.187500,6.187500,75700
2000-04-24,6.062500,6.125000,5.875000,6.062500,6.062500,259600
2000-04-25,6.062500,6.187500,6.000000,6.187500,6.187500,251000
2000-04-26,6.187500,6.687500,6.062500,6.375000,6.375000,465400
2000-04-27,6.312500,6.750000,6.125000,6.687500,6.687500,371300
2000-04-28,6.750000,7.500000,6.562500,7.437500,7.437500,380900
2000-05-01,7.500000,9.375000,7.437500,9.125000,9.125000,1199000
2000-05-02,9.187500,9.312500,8.375000,8.500000,8.500000,702100
2000-05-03,8.562500,8.625000,8.250000,8.375000,8.375000,132900
2000-05-04,8.562500,8.625000,8.187500,8.500000,8.500000,674100
2000-05-05,8.500000,9.000000,8.250000,8.750000,8.750000,425200
2000-05-08,8.750000,8.750000,8.562500,8.625000,8.625000,168300
2000-05-09,8.625000,9.125000,8.625000,9.062500,9.062500,499400
2000-05-10,8.968750,8.968750,8.375000,8.687500,8.687500,52800
2000-05-11,8.687500,10.375000,8.625000,10.250000,10.250000,843700
2000-05-12,10.375000,10.500000,9.875000,9.937500,9.937500,107200
2000-05-15,9.937500,10.687500,9.937500,10.625000,10.625000,377900
2000-05-16,10.750000,12.062500,10.687500,12.000000,12.000000,439000
2000-05-17,12.062500,12.093750,11.500000,12.000000,12.000000,362100
2000-05-18,12.000000,12.125000,11.812500,12.062500,12.062500,413000
2000-05-19,11.750000,12.000000,11.250000,12.000000,12.000000,146900
2000-05-22,12.000000,12.375000,11.750000,12.375000,12.375000,231300
2000-05-23,12.281250,12.937500,12.187500,12.687500,12.687500,153400
2000-05-24,12.781250,12.812500,12.000000,12.375000,12.375000,133300
2000-05-25,12.187500,12.437500,11.875000,12.375000,12.375000,94800
2000-05-26,11.937500,13.125000,11.937500,12.625000,12.625000,85000
2000-05-30,12.562500,13.000000,12.125000,12.875000,12.875000,321100
2000-05-31,13.000000,13.125000,12.875000,12.937500,12.937500,110400
2000-06-01,13.062500,13.500000,13.000000,13.437500,13.437500,120200
2000-06-02,13.593750,13.687500,13.062500,13.062500,13.062500,263400
2000-06-05,13.000000,13.250000,12.875000,13.000000,13.000000,118400
2000-06-06,12.750000,13.000000,12.437500,12.687500,12.687500,142600
2000-06-07,12.593750,12.937500,12.437500,12.937500,12.937500,103800
2000-06-08,12.906250,13.375000,12.875000,13.250000,13.250000,198900
2000-06-09,13.156250,13.375000,10.937500,12.375000,12.375000,206300
2000-06-12,12.125000,12.875000,12.125000,12.875000,12.875000,110900
2000-06-13,12.750000,12.875000,12.375000,12.578125,12.578125,60200
2000-06-14,12.312500,13.000000,12.312500,13.000000,13.000000,324600
2000-06-15,12.937500,13.000000,12.875000,13.000000,13.000000,98400
2000-06-16,12.875000,13.000000,12.750000,13.000000,13.000000,153000
2000-06-19,13.000000,13.000000,12.687500,12.812500,12.812500,53700
2000-06-20,12.750000,12.750000,12.500000,12.625000,12.625000,54900
2000-06-21,12.625000,12.625000,11.875000,12.000000,12.000000,41700
2000-06-22,12.000000,12.000000,11.500000,11.625000,11.625000,370500
2000-06-23,11.562500,11.687500,11.125000,11.125000,11.125000,102400
2000-06-26,11.031250,11.625000,10.750000,11.625000,11.625000,166900
2000-06-27,11.562500,11.625000,10.812500,11.000000,11.000000,108300
2000-06-28,11.375000,12.000000,11.000000,11.937500,11.937500,95900
2000-06-29,11.781250,11.812500,10.812500,11.062500,11.062500,218800
2000-06-30,11.000000,11.500000,10.250000,10.750000,10.750000,482200
2000-07-03,10.656250,10.750000,10.250000,10.437500,10.437500,61400
2000-07-05,10.250000,10.625000,10.250000,10.625000,10.625000,89500
2000-07-06,10.625000,10.625000,10.375000,10.500000,10.500000,71400
2000-07-07,10.375000,10.500000,10.312500,10.500000,10.500000,132900
2000-07-10,10.406250,10.500000,10.312500,10.312500,10.312500,82900
2000-07-11,10.312500,10.375000,10.000000,10.125000,10.125000,224400
2000-07-12,10.187500,10.500000,10.062500,10.500000,10.500000,332300
2000-07-13,10.343750,11.062500,10.343750,10.875000,10.875000,47400
2000-07-14,10.906250,11.062500,10.875000,11.062500,11.062500,195600
2000-07-17,11.031250,11.500000,11.000000,11.500000,11.500000,9800
2000-07-18,11.375000,11.500000,11.375000,11.500000,11.500000,70700
2000-07-19,11.562500,12.125000,11.500000,12.000000,12.000000,101900
2000-07-20,11.875000,12.437500,11.875000,12.312500,12.312500,66700
2000-07-21,12.125000,12.312500,12.125000,12.312500,12.312500,29600
2000-07-24,12.250000,12.375000,11.625000,11.625000,11.625000,41700
2000-07-25,11.625000,11.625000,10.750000,10.812500,10.812500,57100
2000-07-26,10.812500,10.812500,10.250000,10.562500,10.562500,75600
2000-07-27,10.500000,11.062500,10.437500,11.000000,11.000000,78900
2000-07-28,10.875000,10.937500,10.375000,10.750000,10.750000,86200
2000-07-31,10.625000,11.250000,10.625000,11.125000,11.125000,38600
2000-08-01,11.062500,11.250000,10.875000,11.062500,11.062500,29200
2000-08-02,11.187500,11.562500,11.187500,11.437500,11.437500,61300
2000-08-03,11.250000,11.750000,11.250000,11.500000,11.500000,46500
2000-08-04,11.687500,11.812500,11.250000,11.750000,11.750000,28100
2000-08-07,11.468750,11.500000,11.375000,11.437500,11.437500,50300
2000-08-08,11.375000,11.500000,11.375000,11.468750,11.468750,66200
2000-08-09,11.437500,11.500000,10.937500,10.937500,10.937500,41100
2000-08-10,11.000000,11.000000,10.875000,10.937500,10.937500,8500
2000-08-11,10.875000,11.187500,10.875000,11.062500,11.062500,45500
2000-08-14,11.062500,11.250000,11.000000,11.187500,11.187500,17700
2000-08-15,11.000000,11.125000,11.000000,11.062500,11.062500,8400
2000-08-16,11.000000,11.437500,11.000000,11.343750,11.343750,22800
2000-08-17,11.406250,11.500000,10.500000,11.500000,11.500000,67800
2000-08-18,11.312500,11.562500,10.875000,11.000000,11.000000,69900
2000-08-21,10.875000,11.000000,10.812500,10.875000,10.875000,15100
2000-08-22,10.906250,11.062500,10.875000,11.000000,11.000000,75100
2000-08-23,11.000000,11.062500,10.875000,11.062500,11.062500,32700
2000-08-24,10.968750,11.812500,10.937500,11.750000,11.750000,154100
2000-08-25,11.750000,12.500000,11.500000,12.500000,12.500000,167400
2000-08-28,12.375000,12.437500,12.062500,12.250000,12.250000,38300
2000-08-29,11.875000,12.125000,11.687500,11.875000,11.875000,136100
2000-08-30,12.000000,12.000000,11.625000,11.687500,11.687500,19600
2000-08-31,11.625000,11.625000,9.750000,9.812500,9.812500,146900
2000-09-01,9.750000,9.781250,8.187500,8.375000,8.375000,233700
2000-09-05,8.671875,9.312500,8.625000,9.125000,9.125000,135000
2000-09-06,9.031250,9.125000,8.875000,9.000000,9.000000,301400
2000-09-07,8.906250,9.250000,8.875000,9.187500,9.187500,155900
2000-09-08,9.156250,9.218750,9.000000,9.218750,9.218750,57300
2000-09-11,9.000000,9.187500,9.000000,9.000000,9.000000,68900
2000-09-12,8.812500,9.625000,8.750000,9.000000,9.000000,375500
2000-09-13,9.375000,9.562500,9.062500,9.562500,9.562500,463300
2000-09-14,9.562500,10.500000,9.312500,10.375000,10.375000,203700
2000-09-15,9.968750,10.375000,9.937500,10.000000,10.000000,70000
2000-09-18,10.250000,10.250000,9.937500,10.000000,10.000000,96900
2000-09-19,10.062500,10.562500,10.062500,10.500000,10.500000,91000
2000-09-20,10.312500,10.750000,10.312500,10.562500,10.562500,42200
2000-09-21,10.500000,10.562500,10.062500,10.187500,10.187500,31500
2000-09-22,10.125000,10.250000,10.093750,10.250000,10.250000,65300
2000-09-25,10.187500,10.500000,10.187500,10.312500,10.312500,585400
2000-09-26,10.187500,10.375000,10.125000,10.125000,10.125000,38600
2000-09-27,10.125000,10.187500,10.125000,10.187500,10.187500,34900
2000-09-28,10.187500,10.250000,10.125000,10.250000,10.250000,35700
2000-09-29,10.125000,10.250000,10.062500,10.125000,10.125000,39600
2000-10-02,10.187500,10.187500,9.500000,9.500000,9.500000,140800
2000-10-03,9.562500,9.562500,9.187500,9.406250,9.406250,57200
2000-10-04,9.281250,9.687500,9.281250,9.687500,9.687500,67600
2000-10-05,9.625000,9.625000,9.375000,9.375000,9.375000,67700
2000-10-06,9.250000,9.625000,9.250000,9.406250,9.406250,20000
2000-10-09,9.250000,9.562500,9.125000,9.562500,9.562500,78600
2000-10-10,9.125000,9.375000,9.031250,9.156250,9.156250,55300
2000-10-11,9.125000,9.125000,8.781250,9.000000,9.000000,26100
2000-10-12,9.015625,9.250000,8.437500,8.937500,8.937500,146500
2000-10-13,8.750000,8.937500,8.750000,8.937500,8.937500,44600
2000-10-16,9.000000,9.000000,8.625000,8.750000,8.750000,65400
2000-10-17,8.500000,8.500000,8.156250,8.343750,8.343750,47500
2000-10-18,8.125000,8.500000,8.125000,8.500000,8.500000,11800
2000-10-19,8.484375,8.500000,8.187500,8.187500,8.187500,18700
2000-10-20,8.250000,8.375000,7.937500,8.250000,8.250000,14300
2000-10-23,8.359375,8.375000,8.000000,8.250000,8.250000,9900
2000-10-24,8.375000,8.375000,8.218750,8.250000,8.250000,7500
2000-10-25,8.140625,8.250000,8.125000,8.187500,8.187500,122900
2000-10-26,8.734375,8.812500,8.375000,8.562500,8.562500,36400
2000-10-27,8.656250,8.750000,8.656250,8.718750,8.718750,23100
2000-10-30,8.687500,8.718750,8.656250,8.687500,8.687500,26100
2000-10-31,8.687500,8.718750,8.687500,8.687500,8.687500,12400
2000-11-01,8.656250,8.687500,8.562500,8.625000,8.625000,29900
2000-11-02,8.656250,9.000000,8.562500,8.968750,8.968750,53200
2000-11-03,9.093750,9.187500,8.687500,9.187500,9.187500,29000
2000-11-06,9.171875,9.171875,8.781250,8.781250,8.781250,30600
2000-11-07,8.750000,9.125000,8.750000,9.000000,9.000000,195200
2000-11-08,9.062500,9.312500,9.000000,9.218750,9.218750,89900
2000-11-09,9.125000,9.250000,9.000000,9.156250,9.156250,34300
2000-11-10,9.109375,9.125000,8.703125,9.125000,9.125000,80300
2000-11-13,8.937500,9.187500,8.812500,9.187500,9.187500,7300
2000-11-14,9.234375,9.250000,9.125000,9.187500,9.187500,82900
2000-11-15,9.218750,9.375000,9.187500,9.250000,9.250000,97400
2000-11-16,9.000000,9.312500,9.000000,9.000000,9.000000,87800
2000-11-17,6.000000,6.031250,4.156250,4.500000,4.500000,4748600
2000-11-20,4.500000,4.500000,3.875000,3.937500,3.937500,1066700
2000-11-21,4.093750,4.500000,4.000000,4.437500,4.437500,471200
2000-11-22,4.750000,4.968750,4.500000,4.500000,4.500000,414400
2000-11-24,4.843750,4.937500,4.375000,4.593750,4.593750,112500
2000-11-27,4.750000,4.812500,4.375000,4.500000,4.500000,213400
2000-11-28,4.500000,4.562500,4.187500,4.187500,4.187500,378500
2000-11-29,4.343750,4.343750,3.750000,3.937500,3.937500,368600
2000-11-30,3.859375,3.875000,3.250000,3.812500,3.812500,156100
2000-12-01,3.875000,4.375000,3.812500,4.093750,4.093750,147800
2000-12-04,4.093750,4.375000,3.937500,4.250000,4.250000,206300
2000-12-05,4.250000,4.250000,3.812500,3.906250,3.906250,78300
2000-12-06,3.906250,4.125000,3.812500,3.875000,3.875000,124300
2000-12-07,3.921875,4.125000,3.750000,3.875000,3.875000,567600
2000-12-08,3.875000,4.187500,3.875000,3.937500,3.937500,650800
2000-12-11,4.187500,5.000000,3.937500,5.000000,5.000000,225300
2000-12-12,4.984375,5.562500,4.984375,5.250000,5.250000,123900
2000-12-13,5.187500,5.375000,5.000000,5.375000,5.375000,98300
2000-12-14,5.125000,5.218750,4.906250,5.062500,5.062500,234300
2000-12-15,4.906250,5.375000,4.875000,5.375000,5.375000,114400
2000-12-18,5.250000,5.687500,5.062500,5.531250,5.531250,89700
2000-12-19,5.375000,5.687500,5.312500,5.406250,5.406250,106400
2000-12-20,5.312500,5.500000,5.281250,5.437500,5.437500,560700
2000-12-21,5.062500,5.500000,5.000000,5.375000,5.375000,542100
2000-12-22,5.375000,6.093750,5.375000,5.890625,5.890625,152900
2000-12-26,6.187500,6.562500,6.093750,6.562500,6.562500,62200
2000-12-27,6.453125,7.812500,6.421875,7.500000,7.500000,122600
2000-12-28,7.375000,8.187500,7.250000,8.062500,8.062500,366300
2000-12-29,8.000000,8.875000,8.000000,8.687500,8.687500,314100
2001-01-02,8.578125,8.625000,7.125000,7.437500,7.437500,118700
2001-01-03,7.656250,8.125000,7.500000,8.125000,8.125000,115500
2001-01-04,8.000000,8.062500,7.500000,7.937500,7.937500,189600
2001-01-05,7.953125,8.031250,7.250000,7.937500,7.937500,54000
2001-01-08,7.937500,7.937500,7.250000,7.687500,7.687500,36100
2001-01-09,7.625000,7.937500,7.625000,7.812500,7.812500,104700
2001-01-10,7.765625,8.187500,7.687500,8.000000,8.000000,167600
2001-01-11,8.015625,8.093750,7.812500,7.875000,7.875000,35800
2001-01-12,7.875000,7.875000,7.750000,7.750000,7.750000,39900
2001-01-16,7.750000,7.750000,7.375000,7.500000,7.500000,133100
2001-01-17,7.625000,7.625000,6.937500,6.937500,6.937500,136200
2001-01-18,7.125000,7.125000,6.812500,7.000000,7.000000,62400
2001-01-19,7.000000,7.125000,7.000000,7.062500,7.062500,77600
2001-01-22,7.062500,7.125000,6.750000,7.093750,7.093750,75200
2001-01-23,7.062500,7.187500,6.937500,7.062500,7.062500,89000
2001-01-24,7.125000,7.125000,6.875000,7.031250,7.031250,220100
2001-01-25,7.062500,7.062500,7.000000,7.062500,7.062500,110700
2001-01-26,7.000000,7.062500,6.937500,7.062500,7.062500,29100
2001-01-29,7.000000,7.968750,7.000000,7.968750,7.968750,102400
2001-01-30,7.718750,7.750000,7.437500,7.687500,7.687500,183500
2001-01-31,7.750000,7.750000,7.500000,7.531250,7.531250,256800
2001-02-01,7.406250,7.437500,6.500000,6.750000,6.750000,300900
2001-02-02,6.687500,6.750000,6.593750,6.625000,6.625000,378700
2001-02-05,6.687500,6.750000,6.375000,6.625000,6.625000,78800
2001-02-06,6.750000,7.000000,6.687500,7.000000,7.000000,105000
2001-02-07,6.875000,7.062500,6.843750,7.000000,7.000000,122000
2001-02-08,6.875000,7.078125,6.875000,7.062500,7.062500,23200
2001-02-09,7.109375,7.437500,6.875000,7.062500,7.062500,78900
2001-02-12,6.937500,7.000000,6.625000,6.812500,6.812500,97100
2001-02-13,7.000000,7.062500,6.937500,7.062500,7.062500,94600
2001-02-14,7.000000,7.062500,6.937500,7.000000,7.000000,39900
2001-02-15,7.000000,7.125000,6.937500,7.125000,7.125000,30500
2001-02-16,7.218750,7.250000,7.000000,7.000000,7.000000,8400
2001-02-20,7.000000,7.125000,7.000000,7.000000,7.000000,20500
2001-02-21,7.000000,7.000000,6.687500,6.687500,6.687500,16600
2001-02-22,6.750000,6.921875,6.687500,6.750000,6.750000,20400
2001-02-23,6.750000,6.750000,6.062500,6.468750,6.468750,289100
2001-02-26,6.500000,6.562500,6.437500,6.437500,6.437500,15000
2001-02-27,6.437500,6.562500,6.156250,6.312500,6.312500,48700
2001-02-28,6.312500,6.375000,5.625000,6.125000,6.125000,69800
2001-03-01,5.906250,6.437500,5.906250,6.156250,6.156250,147800
2001-03-02,6.375000,6.406250,6.312500,6.312500,6.312500,20800
2001-03-05,6.187500,6.875000,6.187500,6.875000,6.875000,120500
2001-03-06,6.875000,7.625000,6.812500,7.593750,7.593750,139200
2001-03-07,7.640625,7.640625,7.312500,7.437500,7.437500,118900
2001-03-08,7.500000,8.406250,7.500000,8.250000,8.250000,360800
2001-03-09,8.500000,9.562500,8.500000,9.500000,9.500000,488400
2001-03-12,9.281250,9.437500,8.968750,9.000000,9.000000,1443800
2001-03-13,9.062500,9.062500,8.062500,8.250000,8.250000,149000
2001-03-14,8.187500,9.500000,8.062500,8.968750,8.968750,190100
2001-03-15,8.984375,9.250000,8.875000,9.000000,9.000000,114600
2001-03-16,8.843750,8.875000,8.453125,8.687500,8.687500,170000
2001-03-19,8.750000,9.125000,8.625000,9.125000,9.125000,35000
2001-03-20,9.125000,9.125000,8.750000,8.750000,8.750000,153300
2001-03-21,8.875000,8.875000,8.062500,8.156250,8.156250,134600
2001-03-22,8.125000,8.937500,8.062500,8.812500,8.812500,96900
2001-03-23,8.828125,9.187500,8.812500,9.125000,9.125000,187900
2001-03-26,9.125000,9.187500,9.000000,9.125000,9.125000,89600
2001-03-27,9.062500,9.156250,8.687500,9.125000,9.125000,77000
2001-03-28,9.140625,9.140625,8.718750,8.718750,8.718750,129500
2001-03-29,8.718750,8.875000,8.625000,8.750000,8.750000,28200
2001-03-30,8.765625,9.125000,8.765625,8.937500,8.937500,97900
2001-04-02,8.937500,9.000000,8.781250,9.000000,9.000000,60300
2001-04-03,8.953125,9.000000,8.250000,8.281250,8.281250,193600
2001-04-04,8.312500,8.562500,8.312500,8.437500,8.437500,38400
2001-04-05,8.375000,8.781250,7.687500,8.750000,8.750000,117000
2001-04-06,8.250000,8.593750,7.437500,7.687500,7.687500,150800
2001-04-09,7.630000,8.420000,7.620000,8.420000,8.420000,44900
2001-04-10,8.500000,8.800000,8.440000,8.770000,8.770000,27700
2001-04-11,8.800000,8.950000,8.690000,8.830000,8.830000,100500
2001-04-12,8.650000,9.000000,8.650000,9.000000,9.000000,43500
2001-04-16,8.990000,8.990000,8.650000,8.780000,8.780000,20200
2001-04-17,8.820000,9.000000,8.640000,8.980000,8.980000,58600
2001-04-18,8.980000,9.090000,8.850000,9.000000,9.000000,40700
2001-04-19,8.900000,9.110000,8.850000,9.110000,9.110000,51800
2001-04-20,9.130000,9.150000,9.050000,9.060000,9.060000,49800
2001-04-23,9.060000,9.150000,9.000000,9.030000,9.030000,94100
2001-04-24,9.090000,9.100000,9.000000,9.010000,9.010000,68000
2001-04-25,9.050000,9.090000,9.000000,9.050000,9.050000,251000
2001-04-26,9.030000,9.120000,9.000000,9.050000,9.050000,183000
2001-04-27,9.050000,9.050000,8.900000,8.900000,8.900000,117600
2001-04-30,8.650000,9.150000,8.650000,9.100000,9.100000,81400
2001-05-01,9.100000,9.180000,8.900000,9.000000,9.000000,990800
2001-05-02,9.100000,9.570000,9.000000,9.410000,9.410000,156400
2001-05-03,9.510000,9.520000,9.250000,9.340000,9.340000,21100
2001-05-04,9.370000,9.910000,9.350000,9.760000,9.760000,38700
2001-05-07,9.890000,10.100000,9.850000,9.860000,9.860000,101200
2001-05-08,10.050000,10.400000,9.810000,10.080000,10.080000,57900
2001-05-09,9.810000,10.110000,9.810000,10.110000,10.110000,57500
2001-05-10,10.100000,11.130000,10.090000,10.890000,10.890000,58000
2001-05-11,10.560000,10.590000,10.360000,10.500000,10.500000,75800
2001-05-14,10.560000,10.940000,10.550000,10.750000,10.750000,72500
2001-05-15,10.750000,10.850000,10.550000,10.700000,10.700000,153600
2001-05-16,10.690000,10.900000,10.600000,10.770000,10.770000,101600
2001-05-17,10.690000,11.010000,10.100000,10.100000,10.100000,197200
2001-05-18,10.150000,10.190000,10.040000,10.060000,10.060000,65000
2001-05-21,10.040000,10.550000,9.950000,10.450000,10.450000,95600
2001-05-22,10.100000,10.500000,10.100000,10.150000,10.150000,207000
2001-05-23,10.150000,10.330000,9.950000,9.950000,9.950000,159900
2001-05-24,10.000000,10.350000,10.000000,10.200000,10.200000,44800
2001-05-25,10.000000,10.200000,9.750000,10.070000,10.070000,42200
2001-05-29,10.000000,10.300000,10.000000,10.010000,10.010000,64500
2001-05-30,10.050000,10.130000,9.750000,9.760000,9.760000,18400
2001-05-31,9.890000,9.930000,9.190000,9.680000,9.680000,19100
2001-06-01,9.680000,9.690000,8.900000,9.160000,9.160000,50200
2001-06-04,9.010000,9.830000,9.010000,9.830000,9.830000,10400
2001-06-05,9.700000,9.700000,9.410000,9.520000,9.520000,43800
2001-06-06,9.510000,9.750000,9.150000,9.500000,9.500000,136600
2001-06-07,9.480000,10.230000,9.480000,10.230000,10.230000,111000
2001-06-08,9.700000,10.640000,9.700000,10.570000,10.570000,225500
2001-06-11,10.640000,10.820000,10.640000,10.740000,10.740000,100600
2001-06-12,10.650000,11.220000,10.650000,11.090000,11.090000,71500
2001-06-13,11.000000,11.500000,10.850000,11.300000,11.300000,738200
2001-06-14,11.310000,11.310000,10.510000,10.920000,10.920000,40900
2001-06-15,10.610000,10.920000,10.520000,10.920000,10.920000,135800
2001-06-18,10.570000,10.980000,10.450000,10.600000,10.600000,108800
2001-06-19,10.520000,10.790000,10.400000,10.690000,10.690000,82000
2001-06-20,10.650000,11.500000,10.470000,11.500000,11.500000,75900
2001-06-21,11.110000,11.400000,10.850000,10.860000,10.860000,48700
2001-06-22,10.880000,11.000000,10.770000,10.900000,10.900000,8800
2001-06-25,11.000000,11.000000,10.530000,10.730000,10.730000,33300
2001-06-26,10.500000,10.590000,9.900000,9.990000,9.990000,247600
2001-06-27,9.950000,10.770000,9.940000,10.770000,10.770000,101900
2001-06-28,9.930000,11.220000,9.900000,11.220000,11.220000,203900
2001-06-29,11.150000,12.810000,11.000000,12.500000,12.500000,608200
2001-07-02,11.760000,12.780000,11.760000,12.680000,12.680000,384100
2001-07-03,12.660000,12.750000,12.500000,12.650000,12.650000,215200
2001-07-05,12.450000,12.750000,12.450000,12.710000,12.710000,113400
2001-07-06,12.650000,12.750000,12.000000,12.660000,12.660000,254400
2001-07-09,12.400000,13.250000,12.250000,13.250000,13.250000,135100
2001-07-10,13.300000,13.300000,12.750000,13.140000,13.140000,144300
2001-07-11,13.000000,14.100000,13.000000,13.990000,13.990000,197700
2001-07-12,13.860000,14.000000,13.130000,13.650000,13.650000,280200
2001-07-13,13.670000,13.700000,13.450000,13.450000,13.450000,504900
2001-07-16,13.530000,13.700000,12.900000,12.900000,12.900000,124200
2001-07-17,13.300000,13.300000,12.600000,12.820000,12.820000,210400
2001-07-18,12.600000,13.290000,12.600000,13.290000,13.290000,279800
2001-07-19,13.010000,14.210000,13.000000,14.200000,14.200000,75400
2001-07-20,13.980000,14.050000,13.720000,13.770000,13.770000,39400
2001-07-23,13.770000,13.900000,13.590000,13.800000,13.800000,114900
2001-07-24,13.650000,13.650000,12.900000,13.020000,13.020000,128900
2001-07-25,13.020000,13.620000,12.850000,13.480000,13.480000,35800
2001-07-26,13.210000,13.490000,13.050000,13.060000,13.060000,36200
2001-07-27,13.060000,13.600000,12.850000,13.520000,13.520000,52400
2001-07-30,13.300000,13.840000,13.050000,13.250000,13.250000,29000
2001-07-31,13.010000,13.850000,13.010000,13.700000,13.700000,187900
2001-08-01,13.520000,13.710000,13.520000,13.680000,13.680000,302900
2001-08-02,13.600000,13.750000,13.550000,13.550000,13.550000,302500
2001-08-03,13.530000,13.700000,13.460000,13.600000,13.600000,46600
2001-08-06,13.500000,13.700000,13.500000,13.660000,13.660000,215400
2001-08-07,13.600000,13.750000,13.430000,13.650000,13.650000,88600
2001-08-08,13.400000,13.530000,13.400000,13.420000,13.420000,138800
2001-08-09,13.410000,13.420000,12.410000,12.450000,12.450000,76400
2001-08-10,12.080000,12.830000,12.080000,12.560000,12.560000,113600
2001-08-13,13.000000,13.000000,12.650000,12.890000,12.890000,62100
2001-08-14,12.650000,13.380000,12.650000,12.920000,12.920000,46400
2001-08-15,13.000000,13.400000,12.970000,13.390000,13.390000,90600
2001-08-16,13.140000,13.720000,12.960000,13.440000,13.440000,25100
2001-08-17,13.710000,13.710000,12.900000,13.030000,13.030000,101000
2001-08-20,13.000000,13.520000,12.900000,13.090000,13.090000,19500
2001-08-21,12.950000,13.100000,12.930000,13.100000,13.100000,3200
2001-08-22,13.000000,13.050000,12.930000,13.010000,13.010000,13400
2001-08-23,13.000000,13.000000,12.900000,12.990000,12.990000,40200
2001-08-24,12.950000,13.000000,11.900000,12.450000,12.450000,172000
2001-08-27,12.480000,12.590000,11.880000,12.450000,12.450000,121500
2001-08-28,12.470000,12.470000,11.370000,11.770000,11.770000,313100
2001-08-29,11.630000,11.890000,11.420000,11.600000,11.600000,45000
2001-08-30,11.740000,11.740000,11.550000,11.700000,11.700000,6900
2001-08-31,11.750000,11.950000,11.550000,11.640000,11.640000,51700
2001-09-04,11.600000,12.250000,11.600000,12.240000,12.240000,37600
2001-09-05,12.250000,12.850000,12.050000,12.840000,12.840000,54900
2001-09-06,12.800000,13.500000,12.630000,12.670000,12.670000,66500
2001-09-07,12.760000,13.030000,12.600000,12.950000,12.950000,182000
2001-09-10,12.990000,13.100000,12.400000,13.000000,13.000000,77400
2001-09-17,12.830000,13.000000,12.160000,12.900000,12.900000,406100
2001-09-18,12.920000,12.960000,12.560000,12.700000,12.700000,107700
2001-09-19,12.700000,12.850000,11.960000,12.300000,12.300000,165400
2001-09-20,12.270000,12.270000,10.860000,11.000000,11.000000,94600
2001-09-21,10.840000,11.220000,9.880000,10.050000,10.050000,73500
2001-09-24,10.950000,10.950000,10.250000,10.680000,10.680000,93100
2001-09-25,10.600000,10.660000,10.250000,10.380000,10.380000,44100
2001-09-26,10.700000,10.800000,9.920000,10.690000,10.690000,52700
2001-09-27,10.680000,10.700000,10.420000,10.560000,10.560000,16700
2001-09-28,10.560000,11.470000,10.560000,11.130000,11.130000,114600
2001-10-01,11.360000,11.380000,9.450000,9.640000,9.640000,166600
2001-10-02,9.730000,9.990000,9.730000,9.850000,9.850000,112500
2001-10-03,10.000000,10.000000,9.500000,9.500000,9.500000,47900
2001-10-04,9.470000,10.070000,9.470000,10.070000,10.070000,117800
2001-10-05,10.080000,10.230000,9.760000,9.970000,9.970000,48300
2001-10-08,9.850000,10.420000,9.830000,10.130000,10.130000,12200
2001-10-09,10.380000,10.470000,10.200000,10.280000,10.280000,10100
2001-10-10,10.250000,10.630000,10.030000,10.380000,10.380000,60600
2001-10-11,10.490000,11.430000,10.490000,11.290000,11.290000,56600
2001-10-12,10.870000,11.350000,10.850000,10.880000,10.880000,18100
2001-10-15,11.000000,11.500000,11.000000,11.500000,11.500000,10300
2001-10-16,11.350000,12.090000,11.350000,11.850000,11.850000,61800
2001-10-17,11.750000,12.000000,11.750000,11.770000,11.770000,11700
2001-10-18,11.810000,11.850000,11.260000,11.280000,11.280000,14500
2001-10-19,11.380000,11.500000,11.200000,11.200000,11.200000,34900
2001-10-22,11.200000,11.250000,10.900000,10.980000,10.980000,30000
2001-10-23,11.040000,11.250000,10.870000,11.240000,11.240000,58800
2001-10-24,11.240000,11.240000,11.240000,11.240000,11.240000,100
2001-10-25,11.020000,12.180000,11.020000,12.040000,12.040000,51700
2001-10-26,11.920000,12.070000,11.800000,11.920000,11.920000,51300
2001-10-29,12.200000,12.200000,11.800000,12.010000,12.010000,26600
2001-10-30,11.710000,11.950000,11.670000,11.830000,11.830000,19100
2001-10-31,11.920000,12.000000,11.410000,11.690000,11.690000,66100
2001-11-01,11.520000,12.500000,11.500000,12.250000,12.250000,40100
2001-11-02,12.200000,12.400000,11.820000,11.820000,11.820000,25500
2001-11-05,11.820000,12.300000,11.750000,11.990000,11.990000,20100
2001-11-06,11.510000,12.000000,11.510000,11.970000,11.970000,17600
2001-11-07,11.610000,12.060000,11.610000,11.780000,11.780000,11000
2001-11-08,11.800000,12.150000,11.800000,12.060000,12.060000,20100
2001-11-09,11.810000,12.100000,11.760000,11.810000,11.810000,10100
2001-11-12,11.890000,12.730000,11.890000,12.100000,12.100000,33300
2001-11-13,12.110000,12.320000,11.930000,12.090000,12.090000,26100
2001-11-14,12.100000,12.100000,11.850000,12.050000,12.050000,30800
2001-11-15,11.850000,12.000000,11.750000,11.780000,11.780000,19500
2001-11-16,11.930000,11.970000,11.870000,11.900000,11.900000,74500
2001-11-19,11.720000,12.050000,11.090000,11.620000,11.620000,52200
2001-11-20,11.450000,12.080000,11.450000,11.460000,11.460000,34500
2001-11-21,11.450000,11.750000,11.320000,11.600000,11.600000,14900
2001-11-23,11.320000,11.800000,11.320000,11.640000,11.640000,14400
2001-11-26,11.320000,11.600000,11.310000,11.450000,11.450000,22400
2001-11-27,12.600000,13.050000,12.250000,12.250000,12.250000,137100
2001-11-28,12.300000,12.300000,11.200000,12.000000,12.000000,251800
2001-11-29,11.960000,12.730000,11.960000,12.680000,12.680000,33500
2001-11-30,12.670000,13.140000,12.400000,12.780000,12.780000,40500
2001-12-03,12.770000,12.850000,12.310000,12.330000,12.330000,23100
2001-12-04,12.970000,13.280000,12.410000,13.270000,13.270000,71600
2001-12-05,13.150000,13.440000,12.700000,13.420000,13.420000,165900
2001-12-06,13.540000,14.200000,13.450000,13.450000,13.450000,686800
2001-12-07,13.400000,14.050000,13.260000,13.960000,13.960000,59400
2001-12-10,14.030000,14.540000,13.750000,14.540000,14.540000,67500
2001-12-11,14.480000,14.700000,14.060000,14.550000,14.550000,123900
2001-12-12,14.350000,14.530000,13.380000,14.040000,14.040000,44900
2001-12-13,14.000000,14.100000,13.540000,13.550000,13.550000,74800
2001-12-14,13.700000,14.000000,13.570000,13.950000,13.950000,25300
2001-12-17,13.940000,14.120000,13.940000,14.070000,14.070000,111100
2001-12-18,13.940000,14.050000,13.940000,14.040000,14.040000,41100
2001-12-19,14.030000,14.050000,13.900000,14.050000,14.050000,79400
2001-12-20,13.850000,14.050000,13.700000,13.880000,13.880000,120800
2001-12-21,13.870000,14.250000,13.870000,14.180000,14.180000,236100
2001-12-24,14.060000,14.250000,13.810000,14.040000,14.040000,33500
2001-12-26,14.190000,14.380000,14.060000,14.260000,14.260000,117800
2001-12-27,14.210000,14.550000,14.050000,14.530000,14.530000,184500
2001-12-28,14.490000,14.950000,14.310000,14.890000,14.890000,127200
2001-12-31,14.740000,14.900000,14.490000,14.810000,14.810000,203500
2002-01-02,14.700000,14.800000,14.250000,14.800000,14.800000,81500
2002-01-03,14.790000,14.900000,14.400000,14.720000,14.720000,163600
2002-01-04,14.600000,14.900000,14.250000,14.260000,14.260000,134700
2002-01-07,14.300000,15.000000,14.000000,14.250000,14.250000,153200
2002-01-08,14.250000,14.850000,14.020000,14.650000,14.650000,158600
2002-01-09,14.700000,15.210000,14.050000,14.070000,14.070000,174800
2002-01-10,14.070000,14.490000,13.760000,13.980000,13.980000,57900
2002-01-11,14.000000,14.690000,13.020000,13.310000,13.310000,80800
2002-01-14,13.470000,15.270000,13.450000,14.890000,14.890000,199000
2002-01-15,14.950000,14.950000,14.110000,14.750000,14.750000,123100
2002-01-16,14.700000,14.750000,14.500000,14.650000,14.650000,64400
2002-01-17,14.700000,14.750000,14.450000,14.750000,14.750000,290600
2002-01-18,14.450000,14.800000,14.370000,14.370000,14.370000,163000
2002-01-22,14.280000,14.390000,13.460000,13.950000,13.950000,70300
2002-01-23,14.000000,14.180000,13.800000,13.950000,13.950000,209400
2002-01-24,14.100000,14.160000,13.960000,14.080000,14.080000,199600
2002-01-25,14.070000,14.150000,13.890000,14.010000,14.010000,244900
2002-01-28,14.050000,14.210000,13.900000,14.100000,14.100000,150000
2002-01-29,13.890000,14.200000,13.860000,14.150000,14.150000,110600
2002-01-30,14.000000,14.110000,13.900000,14.000000,14.000000,132300
2002-01-31,14.000000,14.300000,13.580000,13.580000,13.580000,164000
2002-02-01,13.570000,13.580000,13.050000,13.150000,13.150000,151800
2002-02-04,13.290000,13.400000,12.460000,12.750000,12.750000,255000
2002-02-05,12.710000,12.800000,12.610000,12.690000,12.690000,39600
2002-02-06,12.610000,12.890000,12.570000,12.570000,12.570000,91200
2002-02-07,12.600000,12.940000,12.490000,12.820000,12.820000,112900
2002-02-08,12.700000,13.160000,12.700000,13.160000,13.160000,34600
2002-02-11,13.170000,13.180000,12.600000,12.800000,12.800000,110600
2002-02-12,12.740000,13.000000,12.740000,12.800000,12.800000,140300
2002-02-13,12.890000,12.900000,12.300000,12.600000,12.600000,62000
2002-02-14,12.650000,12.980000,12.260000,12.850000,12.850000,71000
2002-02-15,13.000000,13.500000,12.910000,13.080000,13.080000,144800
2002-02-19,13.350000,13.420000,12.460000,12.880000,12.880000,69600
2002-02-20,12.750000,13.350000,12.750000,13.350000,13.350000,46200
2002-02-21,13.360000,13.680000,12.600000,12.600000,12.600000,102100
2002-02-22,12.550000,13.000000,12.400000,12.950000,12.950000,119200
2002-02-25,12.940000,13.000000,12.640000,12.880000,12.880000,49100
2002-02-26,12.950000,12.950000,12.720000,12.760000,12.760000,83000
2002-02-27,12.600000,12.850000,12.450000,12.510000,12.510000,122600
2002-02-28,12.650000,12.650000,12.350000,12.550000,12.550000,70800
2002-03-01,12.480000,12.550000,12.230000,12.430000,12.430000,52300
2002-03-04,12.410000,12.500000,11.480000,11.570000,11.570000,301200
2002-03-05,11.540000,11.550000,9.450000,9.550000,9.550000,639700
2002-03-06,9.650000,10.550000,9.250000,10.450000,10.450000,391300
2002-03-07,11.040000,12.150000,10.920000,10.950000,10.950000,801600
2002-03-08,11.100000,11.460000,10.650000,10.650000,10.650000,198100
2002-03-11,11.000000,11.060000,10.660000,10.950000,10.950000,240200
2002-03-12,11.160000,11.170000,10.900000,10.900000,10.900000,149100
2002-03-13,10.910000,11.120000,10.900000,10.900000,10.900000,65200
2002-03-14,10.910000,11.330000,10.760000,11.290000,11.290000,393500
2002-03-15,10.950000,11.340000,10.950000,11.100000,11.100000,81900
2002-03-18,11.020000,11.300000,11.000000,11.050000,11.050000,87900
2002-03-19,11.150000,11.640000,11.100000,11.600000,11.600000,138500
2002-03-20,11.600000,11.760000,11.050000,11.120000,11.120000,87400
2002-03-21,11.350000,11.540000,11.020000,11.290000,11.290000,87500
2002-03-22,11.300000,11.500000,10.800000,11.150000,11.150000,117900
2002-03-25,11.160000,11.750000,11.150000,11.410000,11.410000,122900
2002-03-26,11.580000,12.100000,11.540000,11.950000,11.950000,78300
2002-03-27,11.900000,12.290000,11.900000,12.110000,12.110000,103600
2002-03-28,12.200000,12.350000,11.740000,11.920000,11.920000,138500
2002-04-01,11.560000,12.200000,11.560000,11.750000,11.750000,69600
2002-04-02,11.600000,11.950000,11.600000,11.700000,11.700000,57600
2002-04-03,12.000000,12.170000,11.670000,11.900000,11.900000,74100
2002-04-04,12.000000,12.000000,11.730000,11.750000,11.750000,118600
2002-04-05,11.700000,11.900000,11.450000,11.460000,11.460000,68100
2002-04-08,11.450000,11.660000,10.920000,11.200000,11.200000,209500
2002-04-09,11.180000,11.280000,10.900000,11.100000,11.100000,146400
2002-04-10,10.950000,11.780000,10.950000,11.750000,11.750000,84400
2002-04-11,11.800000,11.800000,11.070000,11.230000,11.230000,165000
2002-04-12,11.410000,11.570000,11.160000,11.560000,11.560000,146100
2002-04-15,11.380000,12.010000,11.320000,11.750000,11.750000,189400
2002-04-16,11.830000,11.920000,11.530000,11.860000,11.860000,71400
2002-04-17,11.790000,12.210000,11.720000,11.910000,11.910000,168200
2002-04-18,12.110000,12.200000,11.910000,12.060000,12.060000,133300
2002-04-19,12.060000,12.080000,11.430000,11.500000,11.500000,53400
2002-04-22,11.430000,11.810000,11.360000,11.410000,11.410000,166600
2002-04-23,11.670000,11.910000,11.300000,11.910000,11.910000,76300
2002-04-24,11.760000,11.920000,11.570000,11.670000,11.670000,62200
2002-04-25,11.560000,12.440000,11.550000,12.440000,12.440000,89100
2002-04-26,12.300000,12.430000,12.070000,12.090000,12.090000,43400
2002-04-29,12.070000,12.290000,11.520000,12.170000,12.170000,108000
2002-04-30,12.170000,12.500000,12.000000,12.350000,12.350000,109100
2002-05-01,12.260000,12.450000,12.110000,12.450000,12.450000,42700
2002-05-02,12.210000,13.000000,11.820000,12.650000,12.650000,124000
2002-05-03,12.640000,12.750000,12.500000,12.600000,12.600000,49100
2002-05-06,12.600000,12.750000,12.360000,12.360000,12.360000,52900
2002-05-07,12.490000,12.650000,12.190000,12.530000,12.530000,152600
2002-05-08,12.580000,12.800000,12.250000,12.750000,12.750000,61900
2002-05-09,12.680000,13.000000,12.620000,12.620000,12.620000,81600
2002-05-10,12.590000,12.750000,12.230000,12.230000,12.230000,48100
2002-05-13,12.250000,12.500000,12.250000,12.410000,12.410000,28900
2002-05-14,12.400000,12.500000,12.250000,12.370000,12.370000,39800
2002-05-15,12.400000,12.650000,12.250000,12.600000,12.600000,90100
2002-05-16,12.670000,12.670000,12.220000,12.290000,12.290000,49700
2002-05-17,12.250000,12.490000,12.250000,12.260000,12.260000,52900
2002-05-20,12.260000,12.330000,12.180000,12.180000,12.180000,65700
2002-05-21,12.200000,12.380000,11.230000,11.230000,11.230000,104500
2002-05-22,11.210000,11.420000,10.960000,11.100000,11.100000,94500
2002-05-23,11.110000,12.030000,11.050000,12.000000,12.000000,141900
2002-05-24,11.890000,12.040000,11.890000,11.920000,11.920000,30000
2002-05-28,11.900000,11.900000,11.400000,11.510000,11.510000,93000
2002-05-29,11.510000,11.550000,11.450000,11.500000,11.500000,55200
2002-05-30,11.500000,11.680000,11.470000,11.550000,11.550000,70800
2002-05-31,11.500000,11.600000,11.500000,11.550000,11.550000,35000
2002-06-03,11.540000,11.550000,11.450000,11.450000,11.450000,44100
2002-06-04,11.500000,11.550000,11.450000,11.550000,11.550000,20000
2002-06-05,11.460000,11.680000,11.350000,11.680000,11.680000,53300
2002-06-06,11.660000,11.660000,11.400000,11.450000,11.450000,62400
2002-06-07,11.400000,11.410000,11.010000,11.050000,11.050000,73300
2002-06-10,11.160000,11.250000,11.020000,11.080000,11.080000,75000
2002-06-11,11.000000,11.170000,11.000000,11.050000,11.050000,29400
2002-06-12,11.000000,11.200000,10.950000,11.200000,11.200000,36100
2002-06-13,11.120000,11.150000,10.940000,11.000000,11.000000,30400
2002-06-14,10.970000,11.500000,10.810000,11.090000,11.090000,41100
2002-06-17,11.100000,11.310000,11.050000,11.310000,11.310000,290800
2002-06-18,11.350000,11.680000,11.130000,11.160000,11.160000,23200
2002-06-19,11.110000,11.760000,11.100000,11.390000,11.390000,61500
2002-06-20,11.300000,11.710000,11.100000,11.410000,11.410000,26300
2002-06-21,11.550000,11.840000,11.400000,11.620000,11.620000,93900
2002-06-24,11.400000,11.740000,11.300000,11.550000,11.550000,62600
2002-06-25,11.550000,11.890000,10.820000,11.820000,11.820000,119400
2002-06-26,11.460000,12.050000,10.870000,11.960000,11.960000,93600
2002-06-27,12.080000,12.100000,11.100000,11.610000,11.610000,179600
2002-06-28,11.550000,12.250000,11.300000,12.010000,12.010000,241100
2002-07-01,12.000000,12.040000,11.220000,11.220000,11.220000,49100
2002-07-02,11.220000,11.840000,10.890000,11.050000,11.050000,236400
2002-07-03,10.900000,11.180000,10.600000,11.000000,11.000000,94600
2002-07-05,11.050000,11.240000,10.860000,10.870000,10.870000,51300
2002-07-08,11.000000,11.000000,10.630000,10.650000,10.650000,25200
2002-07-09,10.670000,10.700000,10.210000,10.270000,10.270000,113600
2002-07-10,10.200000,10.200000,9.350000,9.700000,9.700000,134700
2002-07-11,9.700000,10.050000,9.500000,10.020000,10.020000,110800
2002-07-12,10.000000,10.450000,9.890000,10.140000,10.140000,70200
2002-07-15,10.200000,10.200000,9.380000,9.670000,9.670000,57400
2002-07-16,9.750000,10.250000,9.550000,10.030000,10.030000,16900
2002-07-17,9.970000,10.020000,9.740000,9.850000,9.850000,31700
2002-07-18,9.670000,9.950000,9.500000,9.520000,9.520000,65400
2002-07-19,9.520000,9.520000,8.470000,8.770000,8.770000,88000
2002-07-22,8.480000,8.700000,8.260000,8.410000,8.410000,98400
2002-07-23,8.530000,8.680000,7.850000,8.000000,8.000000,101100
2002-07-24,7.900000,8.250000,7.600000,8.230000,8.230000,86200
2002-07-25,8.220000,8.550000,8.110000,8.550000,8.550000,257100
2002-07-26,8.310000,8.600000,8.310000,8.420000,8.420000,111000
2002-07-29,8.500000,8.700000,8.400000,8.430000,8.430000,35000
2002-07-30,8.590000,8.760000,8.270000,8.730000,8.730000,83300
2002-07-31,8.450000,9.000000,8.450000,8.650000,8.650000,60100
2002-08-01,8.650000,9.020000,8.640000,8.790000,8.790000,70600
2002-08-02,8.830000,8.830000,8.400000,8.500000,8.500000,43800
2002-08-05,8.510000,8.810000,8.310000,8.500000,8.500000,49000
2002-08-06,8.450000,8.920000,8.400000,8.830000,8.830000,59200
2002-08-07,8.830000,9.100000,8.640000,9.070000,9.070000,152300
2002-08-08,8.850000,9.040000,8.650000,8.710000,8.710000,157000
2002-08-09,8.610000,9.000000,8.600000,8.930000,8.930000,103400
2002-08-12,8.870000,9.260000,8.710000,9.180000,9.180000,15300
2002-08-13,9.180000,9.270000,9.000000,9.000000,9.000000,180700
2002-08-14,9.140000,9.190000,8.940000,9.100000,9.100000,77100
2002-08-15,9.130000,9.430000,9.090000,9.420000,9.420000,16600
2002-08-16,9.250000,9.450000,8.970000,9.150000,9.150000,90700
2002-08-19,9.200000,9.200000,8.930000,8.980000,8.980000,20700
2002-08-20,8.920000,9.120000,8.780000,8.900000,8.900000,66100
2002-08-21,8.960000,9.140000,8.960000,9.040000,9.040000,25600
2002-08-22,9.040000,9.090000,8.950000,9.050000,9.050000,37800
2002-08-23,8.950000,9.050000,8.750000,8.760000,8.760000,29300
2002-08-26,8.710000,8.950000,8.400000,8.680000,8.680000,47400
2002-08-27,8.480000,8.670000,8.260000,8.290000,8.290000,95300
2002-08-28,8.650000,8.650000,8.250000,8.310000,8.310000,29200
2002-08-29,8.480000,8.500000,8.170000,8.170000,8.170000,92300
2002-08-30,8.150000,8.400000,8.080000,8.220000,8.220000,35100
2002-09-03,8.220000,8.300000,8.030000,8.160000,8.160000,30600
2002-09-04,8.130000,8.390000,7.970000,8.330000,8.330000,55800
2002-09-05,7.950000,8.280000,7.780000,7.930000,7.930000,81900
2002-09-06,7.930000,7.930000,7.640000,7.750000,7.750000,82500
2002-09-09,7.630000,7.630000,7.350000,7.350000,7.350000,36700
2002-09-10,7.460000,7.490000,7.050000,7.050000,7.050000,58000
2002-09-11,7.190000,7.190000,6.670000,6.710000,6.710000,85600
2002-09-12,6.740000,6.740000,6.360000,6.500000,6.500000,121200
2002-09-13,6.450000,6.500000,6.310000,6.350000,6.350000,184100
2002-09-16,6.350000,6.540000,6.350000,6.500000,6.500000,373300
2002-09-17,6.580000,6.810000,6.450000,6.700000,6.700000,167500
2002-09-18,6.840000,7.000000,6.750000,6.970000,6.970000,193100
2002-09-19,7.000000,7.100000,6.890000,7.010000,7.010000,136500
2002-09-20,7.400000,7.400000,6.830000,6.900000,6.900000,265900
2002-09-23,6.860000,6.940000,6.610000,6.620000,6.620000,108200
2002-09-24,6.610000,6.610000,6.350000,6.350000,6.350000,35800
2002-09-25,6.320000,6.610000,6.320000,6.570000,6.570000,118400
2002-09-26,6.570000,6.600000,6.410000,6.510000,6.510000,58300
2002-09-27,6.600000,6.720000,6.380000,6.530000,6.530000,65100
2002-09-30,6.430000,6.550000,6.400000,6.430000,6.430000,117400
2002-10-01,6.430000,6.430000,6.000000,6.430000,6.430000,44800
2002-10-02,6.430000,6.500000,6.350000,6.350000,6.350000,35700
2002-10-03,6.350000,6.430000,6.350000,6.350000,6.350000,7500
2002-10-04,6.400000,6.440000,6.350000,6.400000,6.400000,43000
2002-10-07,6.340000,6.370000,5.950000,6.000000,6.000000,63000
2002-10-08,5.950000,6.020000,5.810000,5.890000,5.890000,53000
2002-10-09,5.940000,6.100000,5.230000,5.400000,5.400000,108200
2002-10-10,5.480000,5.520000,5.110000,5.250000,5.250000,78900
2002-10-11,5.150000,5.400000,5.100000,5.370000,5.370000,36500
2002-10-14,5.450000,5.450000,4.860000,4.900000,4.900000,54300
2002-10-15,4.910000,5.330000,4.910000,5.290000,5.290000,77500
2002-10-16,5.300000,5.300000,4.900000,5.000000,5.000000,38900
2002-10-17,5.100000,5.310000,5.000000,5.280000,5.280000,40500
2002-10-18,5.400000,5.400000,5.000000,5.000000,5.000000,36600
2002-10-21,5.010000,5.200000,5.000000,5.100000,5.100000,70900
2002-10-22,5.140000,5.200000,4.910000,4.910000,4.910000,82900
2002-10-23,5.020000,5.060000,4.940000,5.000000,5.000000,69000
2002-10-24,5.050000,5.280000,4.950000,5.080000,5.080000,107400
2002-10-25,5.050000,5.160000,4.940000,5.000000,5.000000,51600
2002-10-28,4.930000,5.070000,4.930000,5.000000,5.000000,126500
2002-10-29,5.000000,5.300000,4.950000,5.140000,5.140000,153100
2002-10-30,5.180000,5.270000,5.100000,5.260000,5.260000,63000
2002-10-31,5.270000,5.470000,5.240000,5.360000,5.360000,216400
2002-11-01,5.390000,5.400000,5.290000,5.370000,5.370000,76600
2002-11-04,5.430000,5.840000,5.300000,5.840000,5.840000,116400
2002-11-05,5.870000,6.330000,5.770000,6.250000,6.250000,206600
2002-11-06,6.320000,6.520000,6.320000,6.420000,6.420000,169200
2002-11-07,6.430000,6.430000,6.160000,6.230000,6.230000,30200
2002-11-08,6.180000,6.270000,6.080000,6.110000,6.110000,15500
2002-11-11,6.150000,6.200000,5.260000,5.600000,5.600000,61000
2002-11-12,5.810000,5.900000,5.600000,5.890000,5.890000,177300
2002-11-13,5.890000,5.940000,5.670000,5.860000,5.860000,95000
2002-11-14,5.870000,6.000000,5.850000,5.870000,5.870000,38500
2002-11-15,5.910000,6.070000,5.850000,5.980000,5.980000,18400
2002-11-18,6.090000,6.090000,5.870000,5.920000,5.920000,37100
2002-11-19,5.910000,6.150000,5.910000,6.150000,6.150000,70500
2002-11-20,6.060000,6.400000,6.020000,6.400000,6.400000,30000
2002-11-21,6.430000,6.800000,6.340000,6.660000,6.660000,53300
2002-11-22,6.640000,7.180000,6.600000,7.090000,7.090000,79500
2002-11-25,7.000000,7.180000,6.980000,7.040000,7.040000,101900
2002-11-26,7.140000,7.150000,6.910000,7.010000,7.010000,168000
2002-11-27,6.920000,7.240000,6.920000,7.100000,7.100000,247900
2002-11-29,7.060000,7.370000,7.060000,7.240000,7.240000,23300
2002-12-02,7.250000,7.710000,7.250000,7.550000,7.550000,137600
2002-12-03,7.500000,7.740000,7.500000,7.510000,7.510000,119100
2002-12-04,7.610000,7.610000,7.240000,7.250000,7.250000,149900
2002-12-05,7.370000,8.040000,7.250000,7.690000,7.690000,572400
2002-12-06,7.690000,8.400000,7.690000,8.330000,8.330000,528000
2002-12-09,8.340000,8.400000,8.200000,8.330000,8.330000,294400
2002-12-10,8.310000,8.970000,8.230000,8.750000,8.750000,265400
2002-12-11,8.750000,8.980000,8.650000,8.760000,8.760000,93300
2002-12-12,8.660000,8.950000,8.660000,8.810000,8.810000,65200
2002-12-13,8.890000,8.900000,8.490000,8.510000,8.510000,228700
2002-12-16,8.570000,8.840000,8.570000,8.750000,8.750000,119300
2002-12-17,8.850000,8.980000,8.800000,8.940000,8.940000,35800
2002-12-18,8.920000,9.260000,8.820000,9.260000,9.260000,192700
2002-12-19,9.250000,9.260000,9.070000,9.250000,9.250000,71800
2002-12-20,9.330000,9.330000,9.080000,9.200000,9.200000,69700
2002-12-23,9.080000,9.230000,9.000000,9.110000,9.110000,47700
2002-12-24,9.100000,9.210000,9.000000,9.120000,9.120000,9700
2002-12-26,9.180000,9.190000,9.000000,9.180000,9.180000,21100
2002-12-27,9.050000,9.230000,8.880000,8.920000,8.920000,11500
2002-12-30,8.920000,8.990000,8.750000,8.870000,8.870000,34400
2002-12-31,8.870000,9.170000,8.600000,8.890000,8.890000,112100
2003-01-02,8.840000,9.000000,8.770000,8.840000,8.840000,97500
2003-01-03,8.810000,8.840000,8.380000,8.480000,8.480000,138100
2003-01-06,8.630000,8.630000,8.180000,8.200000,8.200000,98600
2003-01-07,8.160000,8.280000,7.880000,8.230000,8.230000,193100
2003-01-08,8.140000,8.150000,7.930000,8.000000,8.000000,97300
2003-01-09,8.000000,8.190000,7.980000,8.150000,8.150000,299900
2003-01-10,8.140000,8.150000,8.000000,8.000000,8.000000,135400
2003-01-13,8.100000,8.230000,8.000000,8.100000,8.100000,49900
2003-01-14,8.040000,8.490000,8.040000,8.450000,8.450000,91000
2003-01-15,8.450000,8.950000,8.330000,8.600000,8.600000,222100
2003-01-16,8.740000,9.200000,8.600000,9.020000,9.020000,144900
2003-01-17,9.000000,9.100000,9.000000,9.060000,9.060000,109900
2003-01-21,9.060000,9.560000,9.000000,9.390000,9.390000,173900
2003-01-22,9.190000,9.480000,9.080000,9.110000,9.110000,63100
2003-01-23,9.050000,9.290000,9.000000,9.000000,9.000000,123300
2003-01-24,9.130000,9.130000,8.980000,8.980000,8.980000,44600
2003-01-27,9.010000,9.010000,8.770000,8.970000,8.970000,82100
2003-01-28,8.960000,9.010000,8.850000,9.000000,9.000000,33400
2003-01-29,8.850000,9.000000,8.780000,8.940000,8.940000,120300
2003-01-30,8.800000,9.050000,8.650000,8.730000,8.730000,182600
2003-01-31,8.750000,8.940000,8.660000,8.900000,8.900000,159700
2003-02-03,8.880000,8.880000,8.580000,8.760000,8.760000,30000
2003-02-04,8.610000,8.780000,8.490000,8.490000,8.490000,115900
2003-02-05,8.480000,8.510000,8.280000,8.290000,8.290000,43800
2003-02-06,8.250000,8.380000,8.240000,8.370000,8.370000,30800
2003-02-07,8.370000,8.470000,8.240000,8.340000,8.340000,106500
2003-02-10,8.260000,8.310000,8.130000,8.220000,8.220000,58900
2003-02-11,8.150000,8.250000,7.950000,8.070000,8.070000,80100
2003-02-12,8.050000,8.100000,7.950000,7.950000,7.950000,60600
2003-02-13,7.870000,7.990000,7.850000,7.990000,7.990000,53500
2003-02-14,7.900000,7.970000,7.500000,7.790000,7.790000,62900
2003-02-18,7.860000,7.970000,7.810000,7.950000,7.950000,76000
2003-02-19,7.940000,7.940000,7.820000,7.890000,7.890000,18000
2003-02-20,7.870000,7.870000,7.500000,7.500000,7.500000,97700
2003-02-21,7.520000,7.590000,7.250000,7.460000,7.460000,78400
2003-02-24,7.340000,7.420000,7.200000,7.220000,7.220000,34600
2003-02-25,7.330000,7.330000,7.000000,7.090000,7.090000,146100
2003-02-26,7.150000,7.150000,6.820000,6.890000,6.890000,62200
2003-02-27,6.920000,6.920000,6.580000,6.760000,6.760000,60600
2003-02-28,6.650000,7.440000,6.650000,7.290000,7.290000,106000
2003-03-03,7.280000,7.510000,7.280000,7.450000,7.450000,54100
2003-03-04,7.700000,7.840000,7.460000,7.700000,7.700000,72000
2003-03-05,7.670000,7.990000,7.670000,7.800000,7.800000,100900
2003-03-06,7.700000,7.760000,7.400000,7.560000,7.560000,411400
2003-03-07,7.550000,7.550000,7.050000,7.050000,7.050000,105500
2003-03-10,7.120000,7.120000,6.800000,6.960000,6.960000,164200
2003-03-11,6.980000,7.130000,6.980000,7.030000,7.030000,27300
2003-03-12,7.040000,7.210000,7.040000,7.150000,7.150000,164300
2003-03-13,7.400000,7.540000,7.190000,7.460000,7.460000,181700
2003-03-14,7.590000,7.680000,7.430000,7.570000,7.570000,95500
2003-03-17,7.500000,7.730000,7.400000,7.730000,7.730000,76300
2003-03-18,7.580000,7.880000,7.580000,7.870000,7.870000,60300
2003-03-19,7.860000,8.200000,7.750000,8.090000,8.090000,73200
2003-03-20,8.080000,8.340000,7.860000,8.340000,8.340000,87500
2003-03-21,8.430000,8.690000,8.320000,8.530000,8.530000,87500
2003-03-24,8.170000,8.470000,8.140000,8.250000,8.250000,50500
2003-03-25,8.220000,8.290000,8.140000,8.280000,8.280000,178700
2003-03-26,8.170000,8.650000,8.170000,8.460000,8.460000,126800
2003-03-27,8.570000,8.600000,8.240000,8.330000,8.330000,106000
2003-03-28,8.520000,8.520000,8.390000,8.390000,8.390000,15200
2003-03-31,8.450000,8.500000,8.200000,8.250000,8.250000,28200
2003-04-01,8.200000,8.370000,8.200000,8.220000,8.220000,51100
2003-04-02,8.310000,8.310000,8.200000,8.250000,8.250000,138700
2003-04-03,8.400000,8.450000,8.200000,8.440000,8.440000,55500
2003-04-04,8.460000,8.520000,8.270000,8.390000,8.390000,36300
2003-04-07,8.310000,8.880000,8.310000,8.580000,8.580000,116900
2003-04-08,8.510000,8.520000,8.140000,8.250000,8.250000,86300
2003-04-09,8.150000,8.520000,8.100000,8.290000,8.290000,84500
2003-04-10,8.290000,8.340000,8.200000,8.250000,8.250000,73200
2003-04-11,8.280000,8.450000,8.200000,8.250000,8.250000,13900
2003-04-14,8.170000,8.520000,8.170000,8.450000,8.450000,19500
2003-04-15,8.360000,8.380000,8.240000,8.330000,8.330000,12500
2003-04-16,8.330000,8.330000,8.250000,8.250000,8.250000,19800
2003-04-17,8.450000,8.550000,8.280000,8.460000,8.460000,7100
2003-04-21,8.490000,8.490000,8.230000,8.230000,8.230000,13900
2003-04-22,8.200000,8.480000,8.200000,8.360000,8.360000,27800
2003-04-23,8.260000,8.450000,8.250000,8.350000,8.350000,12900
2003-04-24,8.410000,8.440000,8.270000,8.340000,8.340000,22800
2003-04-25,8.300000,8.430000,8.300000,8.370000,8.370000,8200
2003-04-28,8.480000,8.600000,8.400000,8.450000,8.450000,39000
2003-04-29,8.340000,8.730000,8.330000,8.350000,8.350000,16800
2003-04-30,8.300000,8.620000,8.300000,8.530000,8.530000,58100
2003-05-01,8.620000,8.640000,8.350000,8.400000,8.400000,25900
2003-05-02,8.680000,8.790000,8.440000,8.520000,8.520000,148500
2003-05-05,8.450000,8.910000,8.440000,8.860000,8.860000,53900
2003-05-06,8.920000,9.170000,8.910000,9.000000,9.000000,111100
2003-05-07,9.000000,9.090000,8.900000,8.910000,8.910000,33000
2003-05-08,8.890000,8.930000,8.720000,8.760000,8.760000,17700
2003-05-09,8.760000,9.000000,8.410000,8.850000,8.850000,40600
2003-05-12,8.820000,8.890000,8.500000,8.740000,8.740000,43500
2003-05-13,8.550000,9.000000,8.340000,8.690000,8.690000,210800
2003-05-14,8.790000,8.850000,8.480000,8.480000,8.480000,39200
2003-05-15,8.460000,8.600000,7.800000,8.460000,8.460000,76500
2003-05-16,8.100000,8.460000,8.100000,8.100000,8.100000,47300
2003-05-19,8.330000,8.340000,8.050000,8.260000,8.260000,63100
2003-05-20,8.250000,8.560000,8.250000,8.490000,8.490000,63000
2003-05-21,8.390000,8.550000,8.380000,8.450000,8.450000,40500
2003-05-22,8.300000,8.450000,8.200000,8.440000,8.440000,63100
2003-05-23,8.370000,8.550000,8.370000,8.500000,8.500000,48800
2003-05-27,8.500000,8.780000,8.500000,8.500000,8.500000,9900
2003-05-28,8.550000,8.660000,8.450000,8.550000,8.550000,62500
2003-05-29,8.580000,8.800000,8.580000,8.720000,8.720000,123700
2003-05-30,8.800000,8.910000,8.620000,8.850000,8.850000,75100
2003-06-02,8.990000,9.420000,8.980000,9.100000,9.100000,249700
2003-06-03,9.380000,9.380000,9.000000,9.090000,9.090000,111800
2003-06-04,9.170000,9.200000,9.070000,9.160000,9.160000,20600
2003-06-05,9.080000,9.160000,8.890000,8.890000,8.890000,90200
2003-06-06,9.020000,9.050000,8.860000,8.990000,8.990000,26800
2003-06-09,8.940000,9.050000,8.830000,9.000000,9.000000,42200
2003-06-10,9.050000,9.060000,8.810000,9.010000,9.010000,63300
2003-06-11,9.000000,9.050000,8.700000,8.910000,8.910000,59100
2003-06-12,8.950000,9.100000,8.900000,9.050000,9.050000,125500
2003-06-13,9.100000,9.250000,9.070000,9.100000,9.100000,42700
2003-06-16,9.100000,9.350000,9.050000,9.300000,9.300000,128700
2003-06-17,9.310000,9.310000,9.050000,9.080000,9.080000,62200
2003-06-18,9.080000,9.240000,9.060000,9.120000,9.120000,25100
2003-06-19,9.120000,9.220000,8.910000,9.000000,9.000000,121000
2003-06-20,8.950000,9.030000,8.550000,8.700000,8.700000,152900
2003-06-23,8.600000,8.740000,8.450000,8.620000,8.620000,138600
2003-06-24,8.620000,8.620000,8.490000,8.500000,8.500000,65600
2003-06-25,8.620000,8.690000,8.480000,8.500000,8.500000,45800
2003-06-26,8.510000,8.870000,8.450000,8.870000,8.870000,37500
2003-06-27,8.830000,9.100000,8.730000,8.910000,8.910000,95600
2003-06-30,8.960000,9.250000,8.600000,8.910000,8.910000,167200
2003-07-01,8.860000,9.000000,8.760000,8.820000,8.820000,515500
2003-07-02,8.910000,9.000000,8.890000,8.990000,8.990000,73600
2003-07-03,8.900000,9.200000,8.900000,8.990000,8.990000,40300
2003-07-07,9.050000,9.150000,8.810000,9.150000,9.150000,233700
2003-07-08,9.130000,9.290000,9.000000,9.210000,9.210000,132100
2003-07-09,9.250000,9.250000,8.970000,9.150000,9.150000,83200
2003-07-10,9.150000,9.300000,8.950000,8.970000,8.970000,91200
2003-07-11,8.890000,9.030000,8.890000,8.990000,8.990000,24900
2003-07-14,8.900000,9.450000,8.900000,9.100000,9.100000,294700
2003-07-15,9.310000,9.310000,9.020000,9.290000,9.290000,46800
2003-07-16,9.300000,9.400000,9.100000,9.360000,9.360000,42800
2003-07-17,9.360000,9.370000,9.070000,9.110000,9.110000,56700
2003-07-18,9.120000,9.310000,9.110000,9.150000,9.150000,90200
2003-07-21,9.300000,9.390000,8.990000,9.020000,9.020000,92300
2003-07-22,9.020000,9.220000,8.950000,9.000000,9.000000,16000
2003-07-23,9.240000,9.450000,9.000000,9.110000,9.110000,119500
2003-07-24,9.110000,9.400000,9.110000,9.390000,9.390000,368000
2003-07-25,9.350000,10.680000,9.350000,10.290000,10.290000,1083200
2003-07-28,10.700000,11.290000,10.050000,11.290000,11.290000,475300
2003-07-29,12.100000,12.450000,11.200000,11.650000,11.650000,472100
2003-07-30,11.650000,11.700000,11.370000,11.570000,11.570000,215800
2003-07-31,11.370000,11.690000,11.000000,11.600000,11.600000,101500
2003-08-01,11.590000,11.680000,11.330000,11.580000,11.580000,71500
2003-08-04,11.700000,11.700000,10.780000,11.000000,11.000000,125000
2003-08-05,11.000000,11.460000,11.000000,11.450000,11.450000,149000
2003-08-06,11.310000,11.350000,11.000000,11.350000,11.350000,73100
2003-08-07,11.350000,11.350000,10.680000,10.850000,10.850000,112700
2003-08-08,10.800000,11.110000,10.730000,10.990000,10.990000,94400
2003-08-11,10.800000,10.950000,10.800000,10.910000,10.910000,85900
2003-08-12,10.900000,11.090000,10.900000,11.090000,11.090000,63200
2003-08-13,11.010000,11.100000,10.950000,11.010000,11.010000,59700
2003-08-14,11.020000,11.210000,11.010000,11.040000,11.040000,51700
2003-08-15,11.150000,11.690000,11.040000,11.450000,11.450000,32600
2003-08-18,11.590000,11.670000,11.250000,11.620000,11.620000,44000
2003-08-19,11.660000,11.770000,11.420000,11.750000,11.750000,74900
2003-08-20,11.600000,11.750000,11.390000,11.570000,11.570000,44300
2003-08-21,11.570000,11.620000,11.350000,11.520000,11.520000,65200
2003-08-22,11.450000,11.560000,11.350000,11.520000,11.520000,133300
2003-08-25,11.530000,11.770000,11.410000,11.500000,11.500000,74000
2003-08-26,11.520000,11.610000,11.350000,11.400000,11.400000,47900
2003-08-27,11.520000,11.520000,11.100000,11.270000,11.270000,57700
2003-08-28,11.080000,12.050000,11.080000,12.020000,12.020000,106400
2003-08-29,11.890000,12.200000,11.890000,12.150000,12.150000,64500
2003-09-02,12.220000,12.760000,12.140000,12.700000,12.700000,258900
2003-09-03,12.700000,12.850000,12.310000,12.820000,12.820000,217000
2003-09-04,12.850000,12.990000,12.620000,12.990000,12.990000,149300
2003-09-05,12.880000,13.010000,12.730000,12.900000,12.900000,103400
2003-09-08,13.190000,14.000000,12.950000,13.560000,13.560000,335300
2003-09-09,13.590000,13.880000,13.500000,13.610000,13.610000,114600
2003-09-10,13.750000,14.000000,13.580000,13.770000,13.770000,133500
2003-09-11,13.850000,14.210000,13.330000,14.210000,14.210000,196600
2003-09-12,14.090000,14.420000,13.770000,13.850000,13.850000,217400
2003-09-15,13.900000,14.000000,13.270000,13.450000,13.450000,198100
2003-09-16,13.510000,13.580000,12.970000,12.970000,12.970000,130300
2003-09-17,13.050000,13.050000,12.580000,12.780000,12.780000,86400
2003-09-18,12.790000,13.630000,12.660000,13.550000,13.550000,157700
2003-09-19,13.300000,13.510000,13.240000,13.350000,13.350000,63700
2003-09-22,13.320000,13.500000,13.210000,13.400000,13.400000,96300
2003-09-23,13.450000,13.490000,13.120000,13.450000,13.450000,42000
2003-09-24,13.300000,13.460000,13.010000,13.130000,13.130000,42200
2003-09-25,13.130000,13.310000,12.800000,12.860000,12.860000,144500
2003-09-26,12.810000,12.850000,12.250000,12.440000,12.440000,63800
2003-09-29,12.370000,12.760000,12.350000,12.630000,12.630000,66400
2003-09-30,12.660000,12.840000,12.420000,12.500000,12.500000,67500
2003-10-01,12.420000,12.900000,12.420000,12.740000,12.740000,131600
2003-10-02,12.730000,12.730000,12.160000,12.430000,12.430000,43200
2003-10-03,12.690000,12.780000,12.500000,12.650000,12.650000,58500
2003-10-06,12.910000,12.970000,12.600000,12.750000,12.750000,53100
2003-10-07,12.980000,12.980000,12.710000,12.810000,12.810000,50200
2003-10-08,12.610000,12.780000,12.410000,12.410000,12.410000,59800
2003-10-09,12.510000,12.880000,12.500000,12.750000,12.750000,214800
2003-10-10,12.740000,12.740000,12.210000,12.210000,12.210000,76400
2003-10-13,12.200000,12.750000,12.200000,12.640000,12.640000,61200
2003-10-14,12.530000,12.700000,12.280000,12.680000,12.680000,67400
2003-10-15,12.680000,12.820000,12.500000,12.760000,12.760000,193600
2003-10-16,13.010000,13.050000,12.820000,12.910000,12.910000,87800
2003-10-17,12.910000,13.000000,12.730000,12.950000,12.950000,76400
2003-10-20,12.950000,12.950000,12.750000,12.840000,12.840000,71800
2003-10-21,12.850000,13.000000,12.700000,13.000000,13.000000,82500
2003-10-22,12.810000,13.000000,12.800000,12.900000,12.900000,69200
2003-10-23,12.790000,13.440000,12.790000,13.250000,13.250000,149500
2003-10-24,13.120000,13.190000,12.900000,13.040000,13.040000,253900
2003-10-27,13.040000,13.040000,12.800000,12.890000,12.890000,57600
2003-10-28,12.890000,12.950000,12.520000,12.890000,12.890000,40800
2003-10-29,12.720000,13.190000,12.720000,13.000000,13.000000,31100
2003-10-30,13.000000,13.170000,12.890000,13.080000,13.080000,30700
2003-10-31,12.720000,12.990000,12.590000,12.600000,12.600000,20600
2003-11-03,12.350000,12.750000,12.050000,12.750000,12.750000,76700
2003-11-04,12.750000,13.400000,12.400000,13.300000,13.300000,90400
2003-11-05,13.390000,13.440000,12.850000,13.160000,13.160000,113000
2003-11-06,13.300000,13.430000,12.900000,13.050000,13.050000,69500
2003-11-07,12.920000,13.050000,12.920000,13.000000,13.000000,64000
2003-11-10,12.990000,13.050000,12.850000,13.020000,13.020000,94500
2003-11-11,12.980000,12.990000,12.100000,12.460000,12.460000,41900
2003-11-12,12.520000,12.740000,12.520000,12.600000,12.600000,53000
2003-11-13,12.600000,12.650000,12.180000,12.360000,12.360000,53100
2003-11-14,12.210000,12.310000,12.000000,12.010000,12.010000,157600
2003-11-17,12.160000,12.160000,12.000000,12.050000,12.050000,142700
2003-11-18,12.030000,12.180000,11.950000,12.010000,12.010000,81000
2003-11-19,12.040000,13.100000,11.900000,13.090000,13.090000,47900
2003-11-20,13.080000,13.200000,12.550000,12.700000,12.700000,30900
2003-11-21,12.720000,13.040000,12.410000,12.870000,12.870000,49700
2003-11-24,12.750000,13.200000,12.700000,13.050000,13.050000,56900
2003-11-25,13.080000,13.190000,12.800000,13.180000,13.180000,22200
2003-11-26,13.150000,13.450000,13.130000,13.450000,13.450000,27100
2003-11-28,13.470000,13.470000,13.250000,13.400000,13.400000,15600
2003-12-01,13.400000,13.500000,12.990000,13.500000,13.500000,46000
2003-12-02,13.490000,14.240000,13.200000,14.090000,14.090000,139000
2003-12-03,14.250000,14.250000,13.020000,13.090000,13.090000,66500
2003-12-04,13.200000,13.900000,13.140000,13.750000,13.750000,142300
2003-12-05,13.750000,13.750000,13.110000,13.250000,13.250000,213400
2003-12-08,13.050000,13.270000,12.800000,12.800000,12.800000,131400
2003-12-09,12.810000,13.250000,12.700000,12.930000,12.930000,184500
2003-12-10,12.680000,13.200000,12.680000,13.100000,13.100000,62000
2003-12-11,13.070000,13.500000,13.070000,13.330000,13.330000,70400
2003-12-12,13.250000,13.750000,13.250000,13.330000,13.330000,61800
2003-12-15,13.350000,13.590000,12.940000,12.960000,12.960000,408500
2003-12-16,12.650000,13.350000,12.650000,13.340000,13.340000,48800
2003-12-17,13.340000,13.350000,12.990000,13.100000,13.100000,90300
2003-12-18,12.920000,13.230000,12.920000,13.130000,13.130000,78600
2003-12-19,13.420000,13.700000,13.130000,13.560000,13.560000,68300
2003-12-22,13.500000,13.690000,13.280000,13.600000,13.600000,46400
2003-12-23,13.700000,13.860000,13.520000,13.860000,13.860000,99600
2003-12-24,13.670000,13.860000,13.670000,13.830000,13.830000,20400
2003-12-26,13.800000,13.940000,13.800000,13.830000,13.830000,8600
2003-12-29,13.950000,13.970000,13.810000,13.890000,13.890000,133700
2003-12-30,13.800000,13.950000,13.750000,13.840000,13.840000,139300
2003-12-31,13.750000,13.850000,13.690000,13.690000,13.690000,145600
2004-01-02,13.730000,13.900000,13.690000,13.880000,13.880000,92200
2004-01-05,13.780000,14.280000,13.670000,14.280000,14.280000,194100
2004-01-06,14.100000,14.840000,14.100000,14.830000,14.830000,169300
2004-01-07,14.540000,14.840000,14.540000,14.600000,14.600000,84200
2004-01-08,14.490000,14.550000,14.160000,14.550000,14.550000,88800
2004-01-09,14.430000,14.680000,14.260000,14.370000,14.370000,55300
2004-01-12,14.550000,14.960000,14.250000,14.650000,14.650000,161600
2004-01-13,14.880000,14.880000,14.440000,14.790000,14.790000,147400
2004-01-14,14.950000,15.000000,14.630000,14.800000,14.800000,136400
2004-01-15,14.920000,15.000000,14.750000,14.990000,14.990000,173500
2004-01-16,14.920000,15.000000,14.760000,14.860000,14.860000,158300
2004-01-20,14.860000,14.980000,14.270000,14.730000,14.730000,86400
2004-01-21,14.620000,14.930000,14.620000,14.780000,14.780000,44600
2004-01-22,14.820000,14.820000,14.200000,14.230000,14.230000,69200
2004-01-23,14.280000,14.780000,14.160000,14.660000,14.660000,142500
2004-01-26,14.780000,14.780000,14.450000,14.690000,14.690000,93900
2004-01-27,14.390000,14.730000,14.380000,14.500000,14.500000,77900
2004-01-28,14.750000,14.750000,14.350000,14.560000,14.560000,141400
2004-01-29,14.460000,14.460000,14.270000,14.350000,14.350000,93500
2004-01-30,14.350000,14.370000,14.080000,14.100000,14.100000,134400
2004-02-02,14.000000,14.230000,13.880000,13.900000,13.900000,85900
2004-02-03,14.010000,14.010000,13.550000,13.690000,13.690000,202600
2004-02-04,13.580000,13.700000,13.080000,13.090000,13.090000,84200
2004-02-05,13.060000,13.670000,13.000000,13.350000,13.350000,151400
2004-02-06,13.680000,13.800000,13.520000,13.800000,13.800000,146200
2004-02-09,13.680000,14.430000,13.680000,14.110000,14.110000,441800
2004-02-10,14.120000,14.610000,14.070000,14.400000,14.400000,235200
2004-02-11,14.350000,14.400000,14.130000,14.330000,14.330000,108900
2004-02-12,14.310000,14.610000,14.180000,14.350000,14.350000,50000
2004-02-13,14.280000,14.360000,14.010000,14.050000,14.050000,36400
2004-02-17,13.930000,14.350000,13.930000,14.100000,14.100000,25500
2004-02-18,14.330000,14.330000,13.670000,13.840000,13.840000,36500
2004-02-19,14.010000,14.120000,13.700000,13.840000,13.840000,36800
2004-02-20,13.820000,13.980000,13.590000,13.610000,13.610000,36000
2004-02-23,13.510000,13.670000,13.210000,13.300000,13.300000,69600
2004-02-24,12.840000,13.130000,12.520000,12.890000,12.890000,200900
2004-02-25,12.820000,13.050000,12.750000,12.930000,12.930000,60600
2004-02-26,13.130000,13.130000,12.900000,12.990000,12.990000,57200
2004-02-27,12.890000,13.370000,12.890000,13.030000,13.030000,42400
2004-03-01,13.040000,13.140000,12.980000,13.050000,13.050000,103900
2004-03-02,13.040000,13.040000,12.850000,12.930000,12.930000,99700
2004-03-03,13.000000,13.000000,12.720000,12.870000,12.870000,275100
2004-03-04,12.960000,13.820000,12.900000,13.820000,13.820000,65600
2004-03-05,13.590000,13.760000,13.350000,13.720000,13.720000,76900
2004-03-08,13.780000,13.780000,13.390000,13.600000,13.600000,60500
2004-03-09,13.540000,13.670000,13.500000,13.570000,13.570000,85200
2004-03-10,13.560000,13.840000,13.400000,13.470000,13.470000,180200
2004-03-11,13.390000,13.950000,13.300000,13.780000,13.780000,123800
2004-03-12,13.990000,13.990000,13.700000,13.980000,13.980000,75300
2004-03-15,13.890000,14.000000,13.830000,13.920000,13.920000,68100
2004-03-16,13.850000,14.020000,13.740000,13.860000,13.860000,61900
2004-03-17,13.790000,13.950000,13.590000,13.940000,13.940000,47300
2004-03-18,13.740000,14.100000,13.570000,13.940000,13.940000,94300
2004-03-19,14.130000,14.150000,13.910000,14.000000,14.000000,75800
2004-03-22,13.940000,14.120000,13.880000,14.010000,14.010000,177200
2004-03-23,13.980000,14.100000,13.910000,14.000000,14.000000,63300
2004-03-24,14.030000,14.070000,13.890000,14.020000,14.020000,144400
2004-03-25,14.000000,14.050000,13.990000,14.010000,14.010000,36700
2004-03-26,13.990000,14.050000,13.960000,13.960000,13.960000,27100
2004-03-29,14.000000,14.100000,13.950000,14.090000,14.090000,101000
2004-03-30,14.250000,14.500000,13.950000,14.390000,14.390000,71100
2004-03-31,14.340000,14.560000,14.240000,14.540000,14.540000,64600
2004-04-01,14.300000,14.590000,14.150000,14.210000,14.210000,64500
2004-04-02,14.270000,14.660000,14.240000,14.640000,14.640000,26300
2004-04-05,14.610000,14.790000,14.500000,14.790000,14.790000,38300
2004-04-06,14.580000,14.770000,14.450000,14.500000,14.500000,74800
2004-04-07,14.450000,14.740000,14.450000,14.520000,14.520000,55700
2004-04-08,14.500000,14.690000,14.500000,14.570000,14.570000,17700
2004-04-12,14.600000,14.750000,14.490000,14.600000,14.600000,27500
2004-04-13,14.560000,14.620000,14.440000,14.500000,14.500000,74600
2004-04-14,14.580000,14.670000,14.460000,14.500000,14.500000,24100
2004-04-15,14.510000,14.940000,14.510000,14.890000,14.890000,150800
2004-04-16,14.870000,15.140000,14.790000,14.920000,14.920000,110100
2004-04-19,14.960000,15.700000,14.580000,15.350000,15.350000,180200
2004-04-20,15.380000,15.490000,14.780000,15.050000,15.050000,100100
2004-04-21,15.000000,15.300000,14.950000,15.240000,15.240000,40800
2004-04-22,15.220000,15.590000,15.220000,15.490000,15.490000,107400
2004-04-23,15.260000,15.570000,15.220000,15.230000,15.230000,16200
2004-04-26,15.250000,15.500000,15.250000,15.400000,15.400000,28000
2004-04-27,15.250000,15.500000,15.190000,15.400000,15.400000,101300
2004-04-28,15.260000,15.500000,15.000000,15.080000,15.080000,48400
2004-04-29,15.090000,15.450000,14.780000,14.830000,14.830000,27700
2004-04-30,14.800000,15.140000,14.480000,14.500000,14.500000,32600
2004-05-03,14.590000,15.450000,14.590000,15.000000,15.000000,84100
2004-05-04,15.070000,15.500000,14.920000,15.120000,15.120000,32300
2004-05-05,14.950000,15.380000,14.870000,14.890000,14.890000,30000
2004-05-06,14.830000,14.990000,14.400000,14.770000,14.770000,59200
2004-05-07,14.540000,14.910000,14.480000,14.510000,14.510000,27200
2004-05-10,14.590000,14.850000,14.400000,14.400000,14.400000,73100
2004-05-11,14.440000,14.770000,14.440000,14.770000,14.770000,28500
2004-05-12,14.540000,14.880000,14.430000,14.750000,14.750000,60200
2004-05-13,14.840000,14.990000,14.500000,14.560000,14.560000,18100
2004-05-14,14.640000,14.970000,14.560000,14.720000,14.720000,17400
2004-05-17,14.800000,14.950000,14.500000,14.730000,14.730000,42300
2004-05-18,14.850000,15.000000,14.300000,14.350000,14.350000,111700
2004-05-19,14.430000,14.820000,13.880000,13.960000,13.960000,166900
2004-05-20,13.850000,14.500000,13.800000,14.300000,14.300000,64900
2004-05-21,14.300000,14.350000,14.050000,14.300000,14.300000,61400
2004-05-24,14.200000,14.490000,13.950000,14.160000,14.160000,47400
2004-05-25,14.160000,14.350000,14.040000,14.200000,14.200000,41600
2004-05-26,14.280000,14.370000,13.940000,14.100000,14.100000,91600
2004-05-27,13.990000,14.200000,13.860000,14.140000,14.140000,69700
2004-05-28,14.100000,14.150000,13.730000,13.980000,13.980000,37800
2004-06-01,14.100000,14.230000,13.920000,14.100000,14.100000,73100
2004-06-02,13.880000,14.260000,13.880000,14.160000,14.160000,222100
2004-06-03,14.050000,14.150000,13.930000,13.930000,13.930000,34600
2004-06-04,13.930000,14.030000,13.870000,13.990000,13.990000,23000
2004-06-07,13.920000,14.100000,13.900000,14.100000,14.100000,75300
2004-06-08,13.990000,14.260000,13.780000,14.080000,14.080000,35000
2004-06-09,14.210000,14.310000,13.970000,14.110000,14.110000,37400
2004-06-10,14.000000,14.220000,14.000000,14.140000,14.140000,54200
2004-06-14,14.250000,14.500000,14.140000,14.310000,14.310000,52500
2004-06-15,14.370000,15.250000,14.370000,15.240000,15.240000,78100
2004-06-16,15.250000,15.280000,14.610000,15.100000,15.100000,59000
2004-06-17,15.250000,15.250000,14.540000,14.630000,14.630000,51100
2004-06-18,14.500000,15.000000,14.390000,14.790000,14.790000,80800
2004-06-21,14.830000,15.100000,14.820000,15.010000,15.010000,57100
2004-06-22,15.190000,15.330000,14.830000,15.000000,15.000000,127000
2004-06-23,14.870000,15.000000,14.650000,14.820000,14.820000,71200
2004-06-24,14.110000,14.140000,13.170000,14.110000,14.110000,293900
2004-06-25,14.080000,14.420000,12.760000,13.680000,13.680000,848400
2004-06-28,13.270000,13.460000,13.000000,13.280000,13.280000,354100
2004-06-29,13.220000,13.490000,13.160000,13.300000,13.300000,155800
2004-06-30,13.200000,13.460000,13.040000,13.150000,13.150000,99400
2004-07-01,13.050000,13.400000,12.810000,13.030000,13.030000,305900
2004-07-02,12.900000,13.250000,12.890000,13.210000,13.210000,203100
2004-07-06,13.290000,13.290000,12.790000,12.860000,12.860000,165100
2004-07-07,12.850000,12.930000,12.600000,12.610000,12.610000,98200
2004-07-08,12.590000,12.710000,12.120000,12.260000,12.260000,111200
2004-07-09,12.080000,12.480000,11.900000,12.070000,12.070000,167400
2004-07-12,12.050000,12.150000,11.950000,12.060000,12.060000,153300
2004-07-13,11.990000,12.630000,11.940000,12.630000,12.630000,151400
2004-07-14,12.380000,12.750000,12.050000,12.750000,12.750000,110000
2004-07-15,12.630000,12.830000,12.390000,12.500000,12.500000,108100
2004-07-16,12.530000,12.820000,12.370000,12.550000,12.550000,271700
2004-07-19,12.670000,12.680000,12.280000,12.570000,12.570000,76300
2004-07-20,12.710000,12.950000,12.530000,12.740000,12.740000,91800
2004-07-21,12.680000,12.910000,12.210000,12.300000,12.300000,76000
2004-07-22,12.200000,12.560000,12.200000,12.370000,12.370000,49500
2004-07-23,12.490000,12.500000,12.200000,12.200000,12.200000,82000
2004-07-26,12.220000,12.630000,12.160000,12.390000,12.390000,82200
2004-07-27,12.490000,12.640000,12.250000,12.640000,12.640000,45600
2004-07-28,12.380000,12.480000,12.120000,12.250000,12.250000,170000
2004-07-29,12.290000,12.310000,11.950000,12.130000,12.130000,122100
2004-07-30,12.070000,12.460000,12.070000,12.210000,12.210000,42700
2004-08-02,12.200000,12.550000,11.650000,11.730000,11.730000,101800
2004-08-03,11.640000,11.900000,11.480000,11.480000,11.480000,164400
2004-08-04,11.400000,12.220000,11.120000,12.000000,12.000000,161700
2004-08-05,11.920000,12.160000,11.860000,11.870000,11.870000,93200
2004-08-06,11.830000,12.040000,11.390000,11.900000,11.900000,105100
2004-08-09,11.930000,12.020000,11.650000,11.770000,11.770000,195100
2004-08-10,11.870000,12.120000,11.750000,12.120000,12.120000,27900
2004-08-11,11.900000,12.120000,11.840000,12.000000,12.000000,36700
2004-08-12,11.860000,12.090000,11.850000,11.900000,11.900000,77200
2004-08-13,11.990000,11.990000,11.850000,11.850000,11.850000,14700
2004-08-16,12.080000,12.100000,11.860000,12.000000,12.000000,47500
2004-08-17,12.100000,12.150000,11.880000,11.950000,11.950000,63100
2004-08-18,11.920000,12.110000,11.850000,12.000000,12.000000,37000
2004-08-19,11.920000,12.000000,11.750000,11.750000,11.750000,33900
2004-08-20,11.830000,11.990000,11.610000,11.720000,11.720000,259600
2004-08-23,11.800000,11.810000,11.090000,11.140000,11.140000,123100
2004-08-24,11.450000,11.750000,11.440000,11.740000,11.740000,93100
2004-08-25,11.740000,11.750000,11.500000,11.600000,11.600000,53700
2004-08-26,11.630000,11.630000,11.300000,11.390000,11.390000,102300
2004-08-27,11.330000,11.690000,11.330000,11.450000,11.450000,85000
2004-08-30,11.370000,11.750000,11.370000,11.420000,11.420000,61600
2004-08-31,11.590000,11.660000,11.250000,11.490000,11.490000,51900
2004-09-01,11.650000,12.500000,10.800000,11.120000,11.120000,278200
2004-09-02,11.410000,11.500000,11.130000,11.280000,11.280000,91100
2004-09-03,11.370000,11.560000,11.020000,11.160000,11.160000,201800
2004-09-07,11.400000,11.600000,11.030000,11.460000,11.460000,246300
2004-09-08,11.700000,12.140000,11.500000,11.540000,11.540000,86900
2004-09-09,11.590000,12.100000,11.190000,11.860000,11.860000,78300
2004-09-10,11.790000,11.940000,11.700000,11.820000,11.820000,66500
2004-09-13,11.760000,11.950000,11.750000,11.810000,11.810000,38500
2004-09-14,11.840000,11.900000,11.510000,11.750000,11.750000,64200
2004-09-15,11.820000,11.870000,11.700000,11.760000,11.760000,36500
2004-09-16,11.950000,12.040000,11.830000,12.010000,12.010000,111700
2004-09-17,12.140000,12.600000,11.910000,11.940000,11.940000,196600
2004-09-20,11.840000,11.860000,11.700000,11.800000,11.800000,75600
2004-09-21,11.790000,11.890000,11.750000,11.880000,11.880000,65100
2004-09-22,11.810000,11.840000,11.700000,11.760000,11.760000,73100
2004-09-23,11.820000,11.940000,11.680000,11.820000,11.820000,105300
2004-09-24,11.820000,11.950000,11.650000,11.900000,11.900000,216200
2004-09-27,11.740000,11.900000,11.630000,11.810000,11.810000,178600
2004-09-28,11.830000,11.870000,11.740000,11.820000,11.820000,425700
2004-09-29,11.820000,11.900000,11.670000,11.750000,11.750000,83700
2004-09-30,11.630000,11.880000,11.630000,11.840000,11.840000,163000
2004-10-01,11.780000,11.920000,11.760000,11.890000,11.890000,100200
2004-10-04,11.950000,12.700000,11.750000,12.250000,12.250000,218100
2004-10-05,12.290000,12.350000,12.200000,12.220000,12.220000,123000
2004-10-06,12.290000,12.290000,11.960000,12.170000,12.170000,98200
2004-10-07,11.950000,12.150000,11.810000,11.920000,11.920000,69500
2004-10-08,11.850000,11.890000,11.720000,11.720000,11.720000,33600
2004-10-11,11.700000,12.350000,11.500000,11.840000,11.840000,92500
2004-10-12,11.650000,11.790000,11.560000,11.780000,11.780000,39500
2004-10-13,11.930000,12.060000,11.710000,11.900000,11.900000,60500
2004-10-14,11.800000,11.910000,11.760000,11.780000,11.780000,57400
2004-10-15,11.900000,12.100000,11.600000,11.870000,11.870000,30800
2004-10-18,12.070000,12.560000,11.800000,12.560000,12.560000,50400
2004-10-19,12.180000,12.440000,11.810000,11.860000,11.860000,64400
2004-10-20,11.770000,11.860000,11.600000,11.810000,11.810000,58800
2004-10-21,11.750000,12.660000,11.640000,12.470000,12.470000,79500
2004-10-22,12.450000,12.540000,11.970000,12.030000,12.030000,48900
2004-10-25,12.270000,12.350000,12.080000,12.250000,12.250000,44800
2004-10-26,12.140000,12.240000,11.930000,12.050000,12.050000,59300
2004-10-27,12.110000,12.600000,12.110000,12.460000,12.460000,71200
2004-10-28,12.550000,12.590000,12.430000,12.560000,12.560000,48900
2004-10-29,12.310000,12.650000,12.310000,12.420000,12.420000,49200
2004-11-01,12.290000,12.420000,12.180000,12.420000,12.420000,10500
2004-11-02,12.490000,12.750000,12.480000,12.600000,12.600000,36400
2004-11-03,12.690000,12.750000,12.520000,12.600000,12.600000,23000
2004-11-04,12.520000,12.750000,12.380000,12.720000,12.720000,84500
2004-11-05,12.440000,12.720000,11.970000,12.630000,12.630000,33700
2004-11-08,12.310000,12.540000,12.300000,12.480000,12.480000,29500
2004-11-09,12.360000,12.590000,12.310000,12.530000,12.530000,38100
2004-11-10,12.520000,12.890000,12.440000,12.870000,12.870000,24200
2004-11-11,12.630000,13.200000,12.600000,13.190000,13.190000,88900
2004-11-12,13.210000,13.560000,13.070000,13.500000,13.500000,59500
2004-11-15,13.360000,13.410000,13.160000,13.300000,13.300000,23000
2004-11-16,13.290000,14.000000,13.250000,13.890000,13.890000,155800
2004-11-17,13.960000,14.570000,13.850000,14.160000,14.160000,78500
2004-11-18,14.230000,14.480000,14.060000,14.280000,14.280000,95700
2004-11-19,14.480000,14.580000,14.090000,14.260000,14.260000,98200
2004-11-22,14.480000,14.600000,14.130000,14.270000,14.270000,214800
2004-11-23,14.390000,14.500000,14.220000,14.350000,14.350000,44400
2004-11-24,14.360000,14.590000,14.350000,14.470000,14.470000,45800
2004-11-26,14.560000,14.790000,14.560000,14.730000,14.730000,26300
2004-11-29,14.560000,14.780000,14.550000,14.730000,14.730000,73200
2004-11-30,15.050000,15.270000,14.620000,15.110000,15.110000,236200
2004-12-01,15.250000,15.250000,14.470000,15.000000,15.000000,155300
2004-12-02,15.050000,15.190000,14.400000,14.910000,14.910000,78900
2004-12-03,15.000000,15.000000,14.530000,14.810000,14.810000,134100
2004-12-06,14.640000,14.880000,14.500000,14.780000,14.780000,62400
2004-12-07,14.970000,14.970000,14.500000,14.530000,14.530000,144300
2004-12-08,14.830000,14.870000,14.560000,14.670000,14.670000,116600
2004-12-09,14.290000,14.830000,13.790000,14.470000,14.470000,138300
2004-12-10,14.310000,15.080000,14.300000,14.950000,14.950000,164100
2004-12-13,15.070000,15.090000,14.730000,14.970000,14.970000,51400
2004-12-14,14.980000,15.220000,14.800000,14.980000,14.980000,47500
2004-12-15,14.720000,14.990000,14.650000,14.940000,14.940000,34800
2004-12-16,14.740000,14.910000,14.300000,14.670000,14.670000,87600
2004-12-17,14.820000,14.990000,14.390000,14.860000,14.860000,107200
2004-12-20,14.540000,14.620000,14.260000,14.350000,14.350000,52600
2004-12-21,14.510000,14.970000,14.480000,14.910000,14.910000,136200
2004-12-22,14.850000,15.000000,14.790000,14.950000,14.950000,38500
2004-12-23,14.680000,15.070000,14.350000,14.970000,14.970000,70900
2004-12-27,14.620000,14.990000,14.310000,14.660000,14.660000,47500
2004-12-28,14.850000,15.010000,14.520000,14.980000,14.980000,42100
2004-12-29,14.750000,15.070000,14.570000,14.750000,14.750000,55600
2004-12-30,14.570000,14.980000,14.570000,14.750000,14.750000,78400
2004-12-31,14.680000,14.940000,14.640000,14.640000,14.640000,59000
2005-01-03,14.570000,14.850000,14.050000,14.110000,14.110000,142500
2005-01-04,14.000000,14.400000,13.970000,14.000000,14.000000,111800
2005-01-05,13.950000,14.080000,13.790000,13.800000,13.800000,86200
2005-01-06,14.050000,14.180000,13.620000,13.960000,13.960000,51200
2005-01-07,14.080000,14.080000,13.460000,13.620000,13.620000,118800
2005-01-10,13.600000,14.350000,13.590000,14.280000,14.280000,75600
2005-01-11,14.200000,14.370000,14.110000,14.320000,14.320000,135200
2005-01-12,14.300000,14.300000,13.920000,14.200000,14.200000,65200
2005-01-13,14.000000,14.410000,13.640000,13.730000,13.730000,95600
2005-01-14,13.870000,14.090000,13.760000,13.900000,13.900000,53400
2005-01-18,14.000000,14.540000,13.970000,14.280000,14.280000,47100
2005-01-19,14.080000,14.430000,13.910000,13.980000,13.980000,71500
2005-01-20,13.840000,13.970000,13.460000,13.640000,13.640000,75800
2005-01-21,13.860000,13.860000,13.480000,13.540000,13.540000,36100
2005-01-24,13.810000,13.810000,13.500000,13.550000,13.550000,29500
2005-01-25,13.500000,13.810000,13.500000,13.680000,13.680000,31100
2005-01-26,13.810000,13.980000,13.500000,13.930000,13.930000,52500
2005-01-27,13.740000,13.990000,13.710000,13.970000,13.970000,19500
2005-01-28,13.860000,14.010000,13.690000,13.900000,13.900000,33000
2005-01-31,14.050000,14.230000,13.900000,14.230000,14.230000,48100
2005-02-01,13.960000,14.380000,13.960000,14.330000,14.330000,67200
2005-02-02,14.170000,14.370000,13.920000,14.200000,14.200000,35600
2005-02-03,14.000000,14.200000,14.000000,14.140000,14.140000,169700
2005-02-04,14.140000,14.570000,14.120000,14.540000,14.540000,66500
2005-02-07,14.210000,14.940000,14.210000,14.750000,14.750000,119000
2005-02-08,14.720000,14.880000,14.530000,14.710000,14.710000,45800
2005-02-09,14.530000,14.890000,14.450000,14.560000,14.560000,31600
2005-02-10,14.540000,15.070000,14.520000,14.840000,14.840000,81400
2005-02-11,14.730000,15.250000,14.730000,14.910000,14.910000,91000
2005-02-14,14.800000,15.200000,14.740000,15.150000,15.150000,59700
2005-02-15,14.860000,15.240000,14.710000,14.870000,14.870000,77300
2005-02-16,14.740000,15.090000,14.660000,14.880000,14.880000,61900
2005-02-17,14.800000,15.030000,14.800000,15.020000,15.020000,82400
2005-02-18,15.140000,15.140000,14.780000,15.000000,15.000000,40100
2005-02-22,14.790000,15.130000,14.660000,14.760000,14.760000,112000
2005-02-23,15.030000,15.030000,14.280000,14.680000,14.680000,24900
2005-02-24,14.610000,14.890000,14.520000,14.810000,14.810000,23500
2005-02-25,14.600000,15.110000,14.590000,15.110000,15.110000,50100
2005-02-28,14.840000,15.100000,14.840000,14.950000,14.950000,46400
2005-03-01,15.150000,15.220000,14.850000,15.010000,15.010000,63600
2005-03-02,14.840000,15.250000,14.840000,15.130000,15.130000,50400
2005-03-03,15.270000,15.270000,14.830000,15.110000,15.110000,31700
2005-03-04,15.300000,15.300000,14.890000,14.960000,14.960000,85200
2005-03-07,14.840000,15.050000,14.790000,14.910000,14.910000,72400
2005-03-08,14.660000,15.040000,14.610000,14.800000,14.800000,167400
2005-03-09,14.690000,15.030000,14.380000,14.510000,14.510000,113600
2005-03-10,14.310000,14.520000,13.400000,14.030000,14.030000,259100
2005-03-11,14.000000,14.290000,13.830000,13.840000,13.840000,98600
2005-03-14,13.710000,14.010000,13.300000,13.350000,13.350000,256100
2005-03-15,13.520000,13.650000,13.260000,13.600000,13.600000,105000
2005-03-16,13.550000,13.920000,13.550000,13.720000,13.720000,82300
2005-03-17,13.800000,13.870000,13.500000,13.550000,13.550000,35600
2005-03-18,13.530000,13.750000,13.350000,13.510000,13.510000,129600
2005-03-21,13.740000,13.750000,13.320000,13.490000,13.490000,41200
2005-03-22,13.530000,13.650000,13.200000,13.310000,13.310000,24700
2005-03-23,13.290000,13.450000,13.060000,13.210000,13.210000,208500
2005-03-24,13.410000,13.410000,13.070000,13.070000,13.070000,39300
2005-03-28,13.120000,13.240000,12.900000,13.000000,13.000000,81900
2005-03-29,13.030000,13.270000,13.010000,13.200000,13.200000,74800
2005-03-30,13.290000,13.300000,13.040000,13.300000,13.300000,163300
2005-03-31,13.110000,13.410000,13.020000,13.230000,13.230000,140300
2005-04-01,13.370000,13.660000,13.000000,13.530000,13.530000,97400
2005-04-04,13.400000,13.490000,13.060000,13.100000,13.100000,98500
2005-04-05,12.970000,13.420000,12.970000,13.390000,13.390000,45400
2005-04-06,13.500000,13.500000,13.250000,13.300000,13.300000,183200
2005-04-07,13.220000,13.360000,13.210000,13.300000,13.300000,95900
2005-04-08,13.340000,13.340000,13.160000,13.160000,13.160000,40900
2005-04-11,13.160000,13.160000,12.960000,12.990000,12.990000,50700
2005-04-12,12.890000,13.100000,12.890000,13.100000,13.100000,63300
2005-04-13,13.000000,13.290000,12.820000,12.910000,12.910000,30400
2005-04-14,12.850000,12.940000,12.330000,12.500000,12.500000,468200
2005-04-15,12.500000,12.600000,12.350000,12.400000,12.400000,89600
2005-04-18,12.400000,12.570000,12.290000,12.530000,12.530000,88700
2005-04-19,12.640000,12.640000,12.360000,12.600000,12.600000,79200
2005-04-20,12.490000,12.590000,11.790000,11.800000,11.800000,287400
2005-04-21,11.860000,12.130000,11.680000,12.120000,12.120000,77300
2005-04-22,11.990000,12.220000,11.470000,11.550000,11.550000,76600
2005-04-25,11.580000,11.890000,11.560000,11.880000,11.880000,68200
2005-04-26,11.930000,12.010000,11.550000,11.590000,11.590000,58700
2005-04-27,11.480000,11.770000,11.480000,11.730000,11.730000,41700
2005-04-28,11.590000,11.830000,11.500000,11.500000,11.500000,45800
2005-04-29,11.690000,11.790000,11.480000,11.790000,11.790000,44000
2005-05-02,11.930000,12.080000,11.540000,12.010000,12.010000,31700
2005-05-03,11.750000,12.660000,11.750000,12.430000,12.430000,48100
2005-05-04,12.420000,12.500000,12.010000,12.030000,12.030000,108400
2005-05-05,12.140000,12.590000,12.130000,12.580000,12.580000,46300
2005-05-06,12.670000,12.730000,12.130000,12.190000,12.190000,59400
2005-05-09,12.110000,12.500000,12.090000,12.500000,12.500000,37500
2005-05-10,12.290000,12.550000,12.240000,12.420000,12.420000,52000
2005-05-11,12.270000,12.570000,11.580000,11.820000,11.820000,40400
2005-05-12,11.870000,11.940000,11.440000,11.550000,11.550000,45500
2005-05-13,11.670000,11.780000,11.500000,11.560000,11.560000,41000
2005-05-16,11.450000,11.760000,11.450000,11.760000,11.760000,35600
2005-05-17,11.770000,11.770000,11.560000,11.750000,11.750000,16700
2005-05-18,11.960000,12.600000,11.810000,12.290000,12.290000,73200
2005-05-19,12.590000,12.620000,11.740000,12.020000,12.020000,83300
2005-05-20,12.050000,12.230000,11.780000,12.100000,12.100000,22800
2005-05-23,12.230000,12.300000,11.940000,12.000000,12.000000,141200
2005-05-24,12.250000,12.250000,11.610000,11.680000,11.680000,31800
2005-05-25,11.650000,11.690000,11.450000,11.480000,11.480000,29900
2005-05-26,11.640000,11.780000,11.350000,11.780000,11.780000,14800
2005-05-27,11.660000,11.700000,11.410000,11.430000,11.430000,49500
2005-05-31,11.540000,11.690000,11.350000,11.410000,11.410000,71400
2005-06-01,11.350000,11.950000,11.350000,11.910000,11.910000,129600
2005-06-02,11.900000,12.150000,11.880000,11.970000,11.970000,55500
2005-06-03,11.940000,12.000000,11.510000,11.670000,11.670000,52300
2005-06-06,11.780000,11.800000,11.560000,11.750000,11.750000,48100
2005-06-07,11.930000,12.140000,11.660000,11.660000,11.660000,31100
2005-06-08,11.570000,11.810000,11.350000,11.350000,11.350000,35700
2005-06-09,11.260000,11.500000,11.240000,11.500000,11.500000,42400
2005-06-10,11.530000,11.590000,11.430000,11.450000,11.450000,29400
2005-06-13,11.550000,11.650000,11.440000,11.640000,11.640000,22400
2005-06-14,11.510000,11.890000,11.380000,11.750000,11.750000,36400
2005-06-15,11.920000,11.920000,11.500000,11.710000,11.710000,1438100
2005-06-16,11.830000,11.830000,11.350000,11.500000,11.500000,80800
2005-06-17,11.590000,11.640000,11.240000,11.260000,11.260000,184300
2005-06-20,11.250000,11.340000,10.880000,11.000000,11.000000,145600
2005-06-21,11.000000,11.110000,10.880000,11.060000,11.060000,80900
2005-06-22,11.210000,11.240000,11.050000,11.130000,11.130000,118700
2005-06-23,11.860000,12.280000,11.500000,11.760000,11.760000,473000
2005-06-24,11.910000,12.240000,11.480000,11.700000,11.700000,372800
2005-06-27,11.540000,11.870000,11.540000,11.710000,11.710000,100700
2005-06-28,11.740000,12.320000,11.610000,12.200000,12.200000,164300
2005-06-29,12.210000,12.220000,12.000000,12.080000,12.080000,64000
2005-06-30,12.110000,12.390000,12.000000,12.000000,12.000000,79500
2005-07-01,12.220000,12.350000,12.200000,12.350000,12.350000,80200
2005-07-05,12.110000,12.500000,12.110000,12.490000,12.490000,118500
2005-07-06,12.500000,12.700000,12.400000,12.400000,12.400000,143500
2005-07-07,12.120000,12.570000,11.680000,12.440000,12.440000,101700
2005-07-08,12.500000,12.500000,12.400000,12.490000,12.490000,121800
2005-07-11,12.450000,12.680000,12.380000,12.600000,12.600000,104400
2005-07-12,12.490000,12.650000,12.300000,12.570000,12.570000,71800
2005-07-13,12.570000,12.570000,12.310000,12.310000,12.310000,72200
2005-07-14,12.500000,12.500000,12.160000,12.270000,12.270000,138300
2005-07-15,12.170000,12.450000,12.170000,12.250000,12.250000,80200
2005-07-18,12.390000,12.420000,12.100000,12.100000,12.100000,63800
2005-07-19,12.250000,12.400000,12.080000,12.380000,12.380000,67500
2005-07-20,12.290000,12.760000,12.220000,12.680000,12.680000,66500
2005-07-21,12.780000,12.780000,12.430000,12.460000,12.460000,21100
2005-07-22,12.570000,13.020000,12.500000,13.020000,13.020000,38700
2005-07-25,13.000000,13.070000,12.570000,12.580000,12.580000,67400
2005-07-26,12.790000,13.410000,12.600000,13.350000,13.350000,66000
2005-07-27,13.420000,13.500000,13.110000,13.210000,13.210000,40400
2005-07-28,13.280000,13.410000,12.890000,13.410000,13.410000,40300
2005-07-29,13.460000,13.570000,13.360000,13.510000,13.510000,45100
2005-08-01,13.630000,13.850000,13.500000,13.690000,13.690000,57300
2005-08-02,13.600000,13.790000,13.090000,13.430000,13.430000,128100
2005-08-03,13.290000,13.290000,12.920000,12.930000,12.930000,21100
2005-08-04,12.890000,13.380000,12.890000,13.260000,13.260000,52100
2005-08-05,13.190000,13.390000,13.050000,13.110000,13.110000,47900
2005-08-08,13.260000,13.360000,12.830000,13.000000,13.000000,19600
2005-08-09,13.160000,13.280000,13.050000,13.150000,13.150000,22600
2005-08-10,13.300000,13.310000,12.630000,12.800000,12.800000,26000
2005-08-11,12.720000,13.140000,12.680000,13.140000,13.140000,57100
2005-08-12,12.990000,13.200000,12.440000,12.950000,12.950000,53600
2005-08-15,12.880000,13.050000,12.470000,12.950000,12.950000,51700
2005-08-16,12.870000,13.350000,12.680000,12.870000,12.870000,52600
2005-08-17,12.840000,13.000000,12.560000,12.990000,12.990000,14300
2005-08-18,12.830000,13.000000,12.500000,12.500000,12.500000,35200
2005-08-19,12.430000,12.870000,12.430000,12.700000,12.700000,108700
2005-08-22,12.830000,13.000000,12.730000,13.000000,13.000000,37900
2005-08-23,13.000000,13.170000,12.720000,13.010000,13.010000,25900
2005-08-24,12.940000,13.110000,12.740000,12.940000,12.940000,28900
2005-08-25,12.940000,13.070000,12.760000,12.950000,12.950000,39700
2005-08-26,12.890000,12.890000,12.470000,12.470000,12.470000,45600
2005-08-29,12.380000,12.990000,12.380000,12.990000,12.990000,40500
2005-08-30,12.890000,13.270000,12.560000,12.950000,12.950000,50500
2005-08-31,12.950000,13.340000,12.710000,13.240000,13.240000,39900
2005-09-01,13.340000,13.420000,12.950000,13.030000,13.030000,84600
2005-09-02,13.060000,13.100000,12.720000,12.890000,12.890000,96000
2005-09-06,12.940000,13.000000,12.710000,12.840000,12.840000,58100
2005-09-07,12.790000,12.900000,12.330000,12.500000,12.500000,129700
2005-09-08,12.600000,12.800000,12.470000,12.670000,12.670000,92700
2005-09-09,12.790000,12.890000,12.500000,12.800000,12.800000,56300
2005-09-12,12.690000,13.080000,12.690000,12.980000,12.980000,19500
2005-09-13,13.030000,13.090000,12.850000,12.990000,12.990000,32900
2005-09-14,13.100000,13.100000,12.460000,12.720000,12.720000,50500
2005-09-15,12.780000,13.120000,12.580000,13.090000,13.090000,34100
2005-09-16,13.220000,13.290000,12.730000,13.200000,13.200000,126900
2005-09-19,13.100000,13.220000,12.900000,12.950000,12.950000,66400
2005-09-20,13.010000,13.360000,12.960000,13.040000,13.040000,74300
2005-09-21,13.070000,13.070000,12.630000,12.720000,12.720000,121400
2005-09-22,12.610000,13.140000,12.470000,12.820000,12.820000,68000
2005-09-23,12.790000,13.070000,12.550000,12.630000,12.630000,51100
2005-09-26,12.780000,13.320000,12.700000,13.240000,13.240000,84100
2005-09-27,13.250000,13.330000,12.940000,13.190000,13.190000,35400
2005-09-28,13.220000,13.410000,12.630000,12.980000,12.980000,77200
2005-09-29,12.880000,13.390000,12.640000,13.300000,13.300000,65500
2005-09-30,13.400000,13.500000,13.130000,13.130000,13.130000,93700
2005-10-03,13.300000,13.500000,13.210000,13.400000,13.400000,46500
2005-10-04,13.500000,13.870000,13.050000,13.100000,13.100000,82900
2005-10-05,13.000000,13.030000,12.460000,12.550000,12.550000,90400
2005-10-06,12.400000,12.970000,12.310000,12.470000,12.470000,52800
2005-10-07,12.610000,12.640000,12.400000,12.480000,12.480000,45900
2005-10-10,12.470000,12.470000,12.220000,12.260000,12.260000,25000
2005-10-11,12.380000,12.400000,12.160000,12.200000,12.200000,68900
2005-10-12,12.190000,12.370000,11.970000,12.270000,12.270000,103600
2005-10-13,12.180000,12.720000,11.840000,12.510000,12.510000,70800
2005-10-14,12.640000,12.640000,12.500000,12.570000,12.570000,118900
2005-10-17,12.520000,12.870000,12.160000,12.490000,12.490000,125700
2005-10-18,12.370000,12.640000,11.670000,11.860000,11.860000,139000
2005-10-19,11.900000,12.150000,11.680000,12.140000,12.140000,156100
2005-10-20,12.090000,12.190000,11.910000,11.980000,11.980000,54200
2005-10-21,11.920000,12.170000,11.900000,12.090000,12.090000,36700
2005-10-24,12.200000,12.330000,12.070000,12.150000,12.150000,75000
2005-10-25,12.120000,12.650000,11.770000,12.090000,12.090000,185800
2005-10-26,12.120000,12.340000,11.950000,11.970000,11.970000,90900
2005-10-27,11.970000,12.260000,11.900000,12.160000,12.160000,69200
2005-10-28,12.190000,12.560000,12.060000,12.560000,12.560000,118100
2005-10-31,12.500000,12.750000,12.450000,12.720000,12.720000,63600
2005-11-01,12.610000,13.350000,12.100000,12.680000,12.680000,93900
2005-11-02,12.770000,12.920000,12.630000,12.800000,12.800000,76100
2005-11-03,12.900000,12.900000,12.680000,12.780000,12.780000,49200
2005-11-04,12.810000,13.200000,12.700000,13.060000,13.060000,183600
2005-11-07,13.030000,13.190000,12.970000,13.010000,13.010000,60200
2005-11-08,12.940000,12.940000,12.550000,12.620000,12.620000,35800
2005-11-09,12.710000,12.810000,12.410000,12.700000,12.700000,48500
2005-11-10,12.760000,13.020000,12.420000,13.000000,13.000000,46400
2005-11-11,12.910000,13.010000,12.700000,12.940000,12.940000,25200
2005-11-14,13.050000,13.050000,12.480000,12.580000,12.580000,35600
2005-11-15,12.700000,12.700000,12.410000,12.520000,12.520000,41300
2005-11-16,12.550000,12.680000,12.380000,12.660000,12.660000,66700
2005-11-17,12.790000,13.020000,12.700000,12.990000,12.990000,35500
2005-11-18,13.050000,13.050000,12.700000,13.000000,13.000000,40500
2005-11-21,12.890000,13.000000,12.660000,12.990000,12.990000,37200
2005-11-22,12.900000,12.970000,12.680000,12.970000,12.970000,35400
2005-11-23,12.900000,13.040000,12.790000,12.890000,12.890000,12600
2005-11-25,12.980000,12.980000,12.790000,12.900000,12.900000,5800
2005-11-28,12.910000,12.910000,11.650000,11.650000,11.650000,133500
2005-11-29,11.650000,12.030000,11.360000,11.900000,11.900000,81600
2005-11-30,11.990000,12.540000,11.770000,12.240000,12.240000,133800
2005-12-01,12.360000,12.740000,12.270000,12.690000,12.690000,100000
2005-12-02,12.620000,12.660000,12.440000,12.560000,12.560000,31800
2005-12-05,12.480000,12.620000,12.330000,12.330000,12.330000,83400
2005-12-06,12.470000,12.490000,12.010000,12.180000,12.180000,172800
2005-12-07,12.080000,12.170000,11.770000,11.960000,11.960000,198200
2005-12-08,12.110000,12.890000,11.770000,12.750000,12.750000,199300
2005-12-09,12.850000,12.900000,12.600000,12.800000,12.800000,112000
2005-12-12,12.890000,12.890000,12.160000,12.890000,12.890000,161400
2005-12-13,12.780000,13.000000,12.530000,12.900000,12.900000,146200
2005-12-14,12.980000,13.220000,12.800000,12.950000,12.950000,96300
2005-12-15,12.860000,12.990000,12.600000,12.800000,12.800000,99000
2005-12-16,12.840000,13.110000,12.690000,13.070000,13.070000,156400
2005-12-19,12.880000,12.890000,12.450000,12.870000,12.870000,111200
2005-12-20,12.790000,12.910000,12.630000,12.690000,12.690000,51600
2005-12-21,12.810000,13.160000,12.650000,13.060000,13.060000,81800
2005-12-22,13.030000,13.210000,12.890000,12.900000,12.900000,79200
2005-12-23,13.010000,13.240000,12.970000,13.230000,13.230000,25300
2005-12-27,13.150000,13.240000,12.870000,12.990000,12.990000,24800
2005-12-28,12.940000,12.980000,12.620000,12.710000,12.710000,47300
2005-12-29,12.570000,12.920000,12.530000,12.750000,12.750000,23500
2005-12-30,12.680000,13.000000,12.510000,12.790000,12.790000,61200
2006-01-03,12.730000,12.930000,12.310000,12.850000,12.850000,46100
2006-01-04,12.880000,12.880000,12.550000,12.550000,12.550000,38000
2006-01-05,12.450000,12.950000,12.450000,12.860000,12.860000,43200
2006-01-06,12.900000,12.900000,12.440000,12.560000,12.560000,34500
2006-01-09,12.650000,12.760000,12.530000,12.690000,12.690000,28600
2006-01-10,12.540000,12.750000,12.500000,12.690000,12.690000,78800
2006-01-11,12.750000,12.750000,12.070000,12.240000,12.240000,100100
2006-01-12,12.190000,12.340000,12.060000,12.100000,12.100000,111600
2006-01-13,12.020000,12.360000,12.020000,12.320000,12.320000,74700
2006-01-17,12.240000,12.260000,12.000000,12.120000,12.120000,239200
2006-01-18,12.000000,12.440000,12.000000,12.300000,12.300000,70900
2006-01-19,12.350000,12.630000,12.220000,12.630000,12.630000,103000
2006-01-20,12.710000,12.880000,12.410000,12.450000,12.450000,83200
2006-01-23,12.510000,12.590000,12.350000,12.550000,12.550000,36000
2006-01-24,12.600000,13.050000,12.500000,13.030000,13.030000,102800
2006-01-25,12.990000,13.040000,12.840000,12.940000,12.940000,144000
2006-01-26,13.070000,13.310000,12.980000,13.210000,13.210000,90800
2006-01-27,13.200000,13.480000,13.060000,13.350000,13.350000,73000
2006-01-30,13.320000,13.490000,13.130000,13.170000,13.170000,109200
2006-01-31,13.320000,13.840000,12.970000,13.360000,13.360000,147100
2006-02-01,13.330000,14.020000,13.110000,13.930000,13.930000,110200
2006-02-02,13.840000,14.050000,13.370000,13.670000,13.670000,131900
2006-02-03,13.590000,13.910000,13.450000,13.620000,13.620000,57500
2006-02-06,13.640000,14.140000,13.530000,14.140000,14.140000,123300
2006-02-07,14.190000,14.530000,13.650000,13.720000,13.720000,51300
2006-02-08,13.780000,14.030000,13.750000,13.910000,13.910000,35600
2006-02-09,13.950000,14.070000,13.820000,13.840000,13.840000,63800
2006-02-10,13.790000,13.980000,13.720000,13.920000,13.920000,37100
2006-02-13,13.810000,14.070000,13.740000,13.920000,13.920000,112500
2006-02-14,13.900000,14.250000,13.810000,14.220000,14.220000,90900
2006-02-15,14.150000,14.610000,14.130000,14.610000,14.610000,107900
2006-02-16,14.610000,14.740000,14.290000,14.500000,14.500000,76000
2006-02-17,14.590000,14.600000,14.350000,14.500000,14.500000,37900
2006-02-21,14.640000,14.640000,14.390000,14.520000,14.520000,84000
2006-02-22,14.500000,14.690000,14.470000,14.660000,14.660000,52700
2006-02-23,14.560000,14.940000,14.500000,14.790000,14.790000,161300
2006-02-24,14.720000,14.800000,14.530000,14.600000,14.600000,89900
2006-02-27,14.590000,14.740000,14.430000,14.480000,14.480000,69000
2006-02-28,14.480000,14.540000,14.150000,14.150000,14.150000,91700
2006-03-01,14.250000,14.390000,14.200000,14.300000,14.300000,132500
2006-03-02,14.200000,14.820000,14.200000,14.790000,14.790000,157700
2006-03-03,14.690000,14.780000,14.200000,14.550000,14.550000,51900
2006-03-06,14.650000,14.650000,14.450000,14.500000,14.500000,263200
2006-03-07,14.430000,14.790000,14.430000,14.600000,14.600000,33600
2006-03-08,14.500000,14.510000,13.310000,13.690000,13.690000,136200
2006-03-09,13.680000,13.810000,12.750000,12.840000,12.840000,182600
2006-03-10,12.840000,13.000000,12.600000,12.950000,12.950000,112900
2006-03-13,13.050000,13.300000,12.950000,13.270000,13.270000,114400
2006-03-14,13.270000,14.000000,13.100000,14.000000,14.000000,180600
2006-03-15,13.970000,13.970000,13.400000,13.510000,13.510000,47400
2006-03-16,13.610000,13.830000,13.440000,13.720000,13.720000,60900
2006-03-17,13.790000,14.000000,13.450000,13.780000,13.780000,249800
2006-03-20,13.750000,13.750000,13.220000,13.350000,13.350000,65800
2006-03-21,13.550000,13.710000,13.260000,13.550000,13.550000,98800
2006-03-22,14.300000,14.810000,13.500000,13.600000,13.600000,181100
2006-03-23,13.560000,13.960000,13.330000,13.910000,13.910000,244900
2006-03-24,13.920000,14.090000,13.700000,14.080000,14.080000,45800
2006-03-27,14.100000,14.220000,13.790000,14.100000,14.100000,69800
2006-03-28,14.110000,14.220000,13.940000,13.990000,13.990000,55700
2006-03-29,14.000000,14.060000,13.750000,14.050000,14.050000,61500
2006-03-30,14.080000,14.150000,13.860000,14.000000,14.000000,117800
2006-03-31,14.020000,14.250000,13.950000,14.210000,14.210000,126200
2006-04-03,14.200000,14.200000,13.480000,14.130000,14.130000,128200
2006-04-04,14.150000,14.380000,14.060000,14.250000,14.250000,109000
2006-04-05,14.250000,14.290000,14.100000,14.290000,14.290000,68900
2006-04-06,14.250000,14.260000,13.750000,14.000000,14.000000,87900
2006-04-07,14.100000,14.120000,13.690000,14.040000,14.040000,167600
2006-04-10,14.000000,14.170000,13.830000,13.990000,13.990000,48100
2006-04-11,13.780000,14.100000,13.710000,14.020000,14.020000,96100
2006-04-12,13.910000,14.150000,13.910000,14.050000,14.050000,53100
2006-04-13,13.990000,14.110000,13.820000,13.990000,13.990000,21700
2006-04-17,13.970000,14.150000,13.760000,14.140000,14.140000,74100
2006-04-18,14.170000,14.410000,14.050000,14.300000,14.300000,116700
2006-04-19,14.310000,15.040000,14.310000,15.040000,15.040000,150400
2006-04-20,15.010000,15.220000,14.720000,14.960000,14.960000,65700
2006-04-21,15.110000,15.190000,14.750000,15.040000,15.040000,89700
2006-04-24,15.130000,15.250000,15.000000,15.000000,15.000000,73500
2006-04-25,15.000000,15.200000,15.000000,15.160000,15.160000,57400
2006-04-26,15.140000,15.180000,15.000000,15.120000,15.120000,60700
2006-04-27,15.010000,15.640000,14.920000,15.450000,15.450000,101400
2006-04-28,15.420000,15.760000,15.280000,15.550000,15.550000,284200
2006-05-01,15.660000,15.810000,15.500000,15.680000,15.680000,207900
2006-05-02,15.750000,15.960000,15.550000,15.840000,15.840000,161600
2006-05-03,15.870000,15.870000,15.510000,15.650000,15.650000,138800
2006-05-04,15.610000,16.000000,15.550000,15.930000,15.930000,58700
2006-05-05,16.030001,16.480000,15.940000,16.090000,16.090000,149300
2006-05-08,16.059999,16.230000,15.960000,16.129999,16.129999,59300
2006-05-09,16.070000,16.240000,15.950000,16.219999,16.219999,71900
2006-05-10,16.209999,16.209999,15.870000,15.940000,15.940000,66800
2006-05-11,15.980000,16.340000,15.520000,15.740000,15.740000,97500
2006-05-12,15.680000,15.760000,15.240000,15.500000,15.500000,85200
2006-05-15,15.350000,15.350000,14.840000,14.860000,14.860000,157500
2006-05-16,14.850000,14.910000,14.510000,14.640000,14.640000,100100
2006-05-17,14.570000,14.790000,14.230000,14.750000,14.750000,272800
2006-05-18,14.850000,15.340000,14.850000,15.080000,15.080000,67200
2006-05-19,14.950000,15.780000,14.820000,15.760000,15.760000,97500
2006-05-22,15.600000,16.090000,15.440000,16.059999,16.059999,138100
2006-05-23,16.150000,16.150000,15.690000,15.730000,15.730000,164900
2006-05-24,15.730000,15.960000,15.400000,15.690000,15.690000,118000
2006-05-25,15.780000,16.150000,15.400000,16.129999,16.129999,78300
2006-05-26,16.150000,16.150000,15.750000,15.810000,15.810000,24900
2006-05-30,15.720000,15.870000,15.150000,15.200000,15.200000,66200
2006-05-31,15.280000,15.620000,14.950000,15.600000,15.600000,136000
2006-06-01,15.510000,16.100000,15.360000,15.920000,15.920000,70000
2006-06-02,16.040001,16.400000,15.870000,16.340000,16.340000,82800
2006-06-05,16.260000,16.260000,15.180000,15.210000,15.210000,109400
2006-06-06,15.230000,15.350000,15.000000,15.170000,15.170000,143100
2006-06-07,15.240000,15.710000,15.160000,15.370000,15.370000,54200
2006-06-08,15.250000,15.380000,14.770000,15.260000,15.260000,69600
2006-06-09,15.290000,15.480000,15.000000,15.140000,15.140000,95300
2006-06-12,15.100000,15.100000,14.600000,14.600000,14.600000,166300
2006-06-13,14.560000,14.900000,14.340000,14.450000,14.450000,62200
2006-06-14,14.410000,14.410000,13.880000,14.160000,14.160000,81800
2006-06-15,14.290000,14.960000,14.160000,14.950000,14.950000,77800
2006-06-16,14.880000,15.130000,14.620000,14.690000,14.690000,266700
2006-06-19,14.710000,15.040000,14.170000,14.710000,14.710000,92400
2006-06-20,14.750000,15.430000,14.430000,14.680000,14.680000,264000
2006-06-21,14.630000,14.750000,13.970000,14.180000,14.180000,175400
2006-06-22,13.340000,13.720000,13.340000,13.700000,13.700000,259000
2006-06-23,13.700000,13.700000,13.120000,13.260000,13.260000,184200
2006-06-26,13.330000,13.700000,13.150000,13.460000,13.460000,233900
2006-06-27,13.460000,13.700000,13.160000,13.200000,13.200000,69100
2006-06-28,13.300000,13.450000,12.920000,13.150000,13.150000,81400
2006-06-29,13.220000,13.460000,13.140000,13.240000,13.240000,130600
2006-06-30,13.380000,13.600000,13.090000,13.090000,13.090000,490400
2006-07-03,13.030000,13.120000,12.810000,13.120000,13.120000,68500
2006-07-05,12.980000,13.240000,12.620000,13.120000,13.120000,164400
2006-07-06,13.120000,13.420000,12.790000,13.000000,13.000000,81800
2006-07-07,12.960000,13.050000,12.520000,12.550000,12.550000,78400
2006-07-10,12.570000,12.730000,12.380000,12.610000,12.610000,135900
2006-07-11,12.500000,13.040000,12.320000,13.010000,13.010000,106100
2006-07-12,12.960000,13.060000,12.690000,12.760000,12.760000,107800
2006-07-13,12.710000,12.860000,12.310000,12.340000,12.340000,80600
2006-07-14,12.310000,12.360000,12.010000,12.180000,12.180000,93100
2006-07-17,12.180000,12.360000,12.010000,12.170000,12.170000,85300
2006-07-18,12.270000,12.670000,12.000000,12.370000,12.370000,98900
2006-07-19,12.410000,13.490000,12.410000,12.530000,12.530000,197800
2006-07-20,12.510000,12.590000,12.000000,12.010000,12.010000,106500
2006-07-21,11.970000,12.000000,11.520000,11.810000,11.810000,193200
2006-07-24,11.940000,12.500000,11.660000,12.220000,12.220000,83500
2006-07-25,12.210000,12.500000,11.940000,12.210000,12.210000,114500
2006-07-26,12.190000,12.440000,11.350000,12.230000,12.230000,252100
2006-07-27,12.320000,12.390000,11.410000,11.430000,11.430000,88700
2006-07-28,11.510000,11.890000,11.410000,11.820000,11.820000,59200
2006-07-31,11.580000,11.750000,11.440000,11.690000,11.690000,50000
2006-08-01,11.570000,12.240000,11.340000,12.020000,12.020000,148800
2006-08-02,12.100000,12.220000,11.900000,12.200000,12.200000,186800
2006-08-03,12.110000,12.820000,12.020000,12.800000,12.800000,95600
2006-08-04,12.960000,13.430000,12.590000,12.890000,12.890000,96600
2006-08-07,12.830000,12.840000,12.120000,12.190000,12.190000,68500
2006-08-08,12.270000,12.460000,11.830000,11.850000,11.850000,121300
2006-08-09,11.950000,12.100000,11.840000,11.910000,11.910000,92600
2006-08-10,11.870000,13.100000,11.760000,13.000000,13.000000,128000
2006-08-11,12.960000,13.230000,12.690000,13.170000,13.170000,88200
2006-08-14,13.280000,13.380000,12.990000,13.270000,13.270000,75400
2006-08-15,13.460000,13.880000,13.320000,13.640000,13.640000,51800
2006-08-16,11.900000,12.720000,11.250000,12.340000,12.340000,280300
2006-08-17,12.250000,12.460000,11.760000,12.000000,12.000000,309400
2006-08-18,12.080000,12.080000,11.590000,11.770000,11.770000,138800
2006-08-21,11.680000,12.000000,11.680000,11.990000,11.990000,66400
2006-08-22,11.940000,12.000000,11.710000,11.730000,11.730000,64700
2006-08-23,11.780000,12.080000,11.400000,11.470000,11.470000,68100
2006-08-24,11.470000,11.770000,11.350000,11.520000,11.520000,69300
2006-08-25,11.450000,11.580000,11.160000,11.380000,11.380000,75600
2006-08-28,11.290000,11.790000,11.160000,11.550000,11.550000,111400
2006-08-29,11.570000,11.980000,11.540000,11.910000,11.910000,104000
2006-08-30,11.950000,11.950000,11.420000,11.580000,11.580000,113900
2006-08-31,11.660000,11.990000,11.660000,11.770000,11.770000,113900
2006-09-01,11.880000,12.080000,11.570000,11.620000,11.620000,65400
2006-09-05,11.680000,11.940000,11.600000,11.840000,11.840000,102100
2006-09-06,11.710000,12.000000,11.400000,11.400000,11.400000,108100
2006-09-07,11.280000,11.390000,10.810000,11.010000,11.010000,205200
2006-09-08,11.080000,11.140000,10.790000,11.050000,11.050000,123900
2006-09-11,10.950000,11.120000,10.830000,11.060000,11.060000,120700
2006-09-12,11.110000,11.500000,10.880000,11.330000,11.330000,81000
2006-09-13,11.370000,11.520000,11.000000,11.450000,11.450000,82300
2006-09-14,11.370000,11.520000,11.060000,11.450000,11.450000,53400
2006-09-15,11.540000,11.550000,11.140000,11.340000,11.340000,182200
2006-09-18,11.260000,11.450000,11.110000,11.250000,11.250000,68600
2006-09-19,11.310000,11.400000,11.150000,11.320000,11.320000,112300
2006-09-20,11.450000,11.500000,11.230000,11.290000,11.290000,81100
2006-09-21,11.350000,11.370000,11.090000,11.190000,11.190000,47000
2006-09-22,11.150000,11.180000,10.860000,10.970000,10.970000,183100
2006-09-25,11.040000,11.040000,10.770000,11.010000,11.010000,114500
2006-09-26,11.000000,11.120000,10.790000,10.930000,10.930000,71300
2006-09-27,10.850000,10.990000,10.810000,10.920000,10.920000,80200
2006-09-28,10.990000,11.020000,10.730000,10.780000,10.780000,149800
2006-09-29,10.730000,10.780000,10.310000,10.340000,10.340000,167600
2006-10-02,10.200000,10.670000,10.160000,10.310000,10.310000,164100
2006-10-03,10.200000,10.390000,10.010000,10.250000,10.250000,130700
2006-10-04,10.260000,10.370000,10.170000,10.280000,10.280000,98000
2006-10-05,10.300000,10.300000,10.220000,10.250000,10.250000,80600
2006-10-06,10.180000,10.510000,10.180000,10.370000,10.370000,149000
2006-10-09,10.330000,10.400000,10.190000,10.250000,10.250000,177200
2006-10-10,10.280000,10.300000,10.180000,10.220000,10.220000,100100
2006-10-11,10.210000,10.620000,10.210000,10.480000,10.480000,184200
2006-10-12,10.440000,11.060000,10.440000,10.910000,10.910000,196600
2006-10-13,10.900000,11.520000,10.840000,11.500000,11.500000,114800
2006-10-16,11.550000,11.830000,11.420000,11.640000,11.640000,143200
2006-10-17,11.550000,11.590000,11.200000,11.390000,11.390000,84200
2006-10-18,11.500000,11.630000,11.320000,11.580000,11.580000,47300
2006-10-19,11.520000,11.910000,11.460000,11.680000,11.680000,66400
2006-10-20,11.760000,11.760000,11.380000,11.590000,11.590000,64400
2006-10-23,11.500000,11.660000,11.170000,11.380000,11.380000,61000
2006-10-24,11.300000,11.380000,11.040000,11.350000,11.350000,47800
2006-10-25,11.380000,11.600000,11.310000,11.600000,11.600000,52600
2006-10-26,11.620000,11.660000,11.190000,11.660000,11.660000,75300
2006-10-27,11.590000,11.810000,11.220000,11.250000,11.250000,41400
2006-10-30,11.010000,12.000000,11.000000,11.970000,11.970000,51500
2006-10-31,11.950000,11.950000,11.290000,11.340000,11.340000,74100
2006-11-01,11.310000,11.500000,10.880000,11.030000,11.030000,136100
2006-11-02,10.900000,11.250000,10.900000,11.090000,11.090000,64900
2006-11-03,11.150000,12.140000,11.150000,11.660000,11.660000,209600
2006-11-06,11.740000,11.890000,11.530000,11.620000,11.620000,40800
2006-11-07,11.600000,11.890000,11.400000,11.410000,11.410000,57600
2006-11-08,11.340000,12.030000,11.340000,11.940000,11.940000,130600
2006-11-09,12.010000,12.010000,11.460000,11.540000,11.540000,67700
2006-11-10,11.540000,11.850000,11.540000,11.720000,11.720000,49500
2006-11-13,11.730000,12.290000,11.630000,12.270000,12.270000,95300
2006-11-14,12.080000,12.250000,11.620000,11.990000,11.990000,85200
2006-11-15,12.020000,12.190000,11.890000,12.180000,12.180000,96500
2006-11-16,12.040000,12.230000,11.770000,11.830000,11.830000,47900
2006-11-17,11.830000,11.830000,11.440000,11.630000,11.630000,38100
2006-11-20,11.650000,11.830000,11.400000,11.650000,11.650000,40300
2006-11-21,11.680000,11.680000,11.370000,11.580000,11.580000,27500
2006-11-22,11.630000,11.660000,11.000000,11.020000,11.020000,80700
2006-11-24,10.990000,11.170000,10.990000,11.000000,11.000000,30800
2006-11-27,11.110000,11.220000,10.710000,10.850000,10.850000,90400
2006-11-28,10.800000,11.070000,10.750000,11.070000,11.070000,55300
2006-11-29,11.170000,11.310000,11.030000,11.280000,11.280000,38900
2006-11-30,11.240000,11.310000,10.850000,10.910000,10.910000,73400
2006-12-01,10.880000,11.020000,10.300000,10.780000,10.780000,112200
2006-12-04,10.760000,11.160000,10.760000,11.000000,11.000000,144200
2006-12-05,11.080000,11.390000,10.840000,10.860000,10.860000,86000
2006-12-06,10.900000,11.250000,10.670000,10.910000,10.910000,179300
2006-12-07,11.700000,12.320000,11.420000,11.740000,11.740000,460900
2006-12-08,11.730000,11.950000,11.530000,11.780000,11.780000,128000
2006-12-11,11.810000,12.000000,11.750000,11.880000,11.880000,58300
2006-12-12,11.920000,11.980000,11.730000,11.840000,11.840000,95300
2006-12-13,11.940000,12.180000,11.850000,12.080000,12.080000,173600
2006-12-14,12.080000,12.450000,12.060000,12.230000,12.230000,196500
2006-12-15,12.230000,12.500000,11.890000,11.890000,11.890000,214700
2006-12-18,11.960000,12.130000,11.760000,11.840000,11.840000,102700
2006-12-19,11.810000,11.970000,11.530000,11.560000,11.560000,186600
2006-12-20,11.600000,12.250000,11.530000,11.980000,11.980000,128500
2006-12-21,12.020000,12.220000,11.950000,12.020000,12.020000,118600
2006-12-22,12.060000,12.300000,11.990000,12.140000,12.140000,156500
2006-12-26,12.100000,12.560000,12.100000,12.540000,12.540000,96600
2006-12-27,12.600000,12.760000,12.310000,12.500000,12.500000,103600
2006-12-28,12.480000,12.510000,11.960000,12.170000,12.170000,173300
2006-12-29,12.140000,12.590000,12.090000,12.230000,12.230000,147300
2007-01-03,12.300000,12.700000,12.300000,12.640000,12.640000,106200
2007-01-04,12.640000,12.660000,12.340000,12.540000,12.540000,111400
2007-01-05,12.550000,12.550000,12.230000,12.310000,12.310000,122200
2007-01-08,12.340000,12.480000,12.000000,12.420000,12.420000,170600
2007-01-09,12.350000,12.490000,12.130000,12.320000,12.320000,144000
2007-01-10,12.200000,12.480000,12.110000,12.410000,12.410000,142000
2007-01-11,12.400000,12.660000,12.250000,12.580000,12.580000,109800
2007-01-12,12.670000,12.760000,12.530000,12.680000,12.680000,152000
2007-01-16,12.760000,12.950000,12.550000,12.610000,12.610000,71900
2007-01-17,12.580000,12.810000,12.510000,12.510000,12.510000,55800
2007-01-18,12.550000,12.660000,12.190000,12.210000,12.210000,77100
2007-01-19,12.140000,12.250000,12.000000,12.200000,12.200000,80900
2007-01-22,12.170000,12.210000,12.000000,12.050000,12.050000,70800
2007-01-23,11.920000,12.670000,11.920000,12.600000,12.600000,115000
2007-01-24,12.350000,12.680000,12.320000,12.390000,12.390000,104900
2007-01-25,12.460000,12.460000,11.850000,11.950000,11.950000,89900
2007-01-26,12.110000,12.410000,11.950000,12.280000,12.280000,76200
2007-01-29,12.200000,12.640000,12.130000,12.540000,12.540000,57600
2007-01-30,12.590000,12.590000,12.170000,12.310000,12.310000,31900
2007-01-31,12.200000,12.570000,12.170000,12.500000,12.500000,65100
2007-02-01,12.620000,12.620000,12.270000,12.490000,12.490000,44500
2007-02-02,12.330000,12.520000,12.140000,12.190000,12.190000,116500
2007-02-05,12.250000,12.260000,12.130000,12.150000,12.150000,40600
2007-02-06,12.120000,12.350000,12.080000,12.180000,12.180000,47600
2007-02-07,12.170000,12.330000,12.110000,12.330000,12.330000,29300
2007-02-08,12.290000,12.480000,12.170000,12.470000,12.470000,50400
2007-02-09,12.440000,12.500000,11.640000,11.710000,11.710000,63200
2007-02-12,11.770000,11.780000,11.500000,11.550000,11.550000,113800
2007-02-13,11.610000,11.670000,11.340000,11.420000,11.420000,102900
2007-02-14,11.470000,11.620000,11.110000,11.130000,11.130000,84200
2007-02-15,11.090000,11.410000,11.080000,11.170000,11.170000,74200
2007-02-16,11.170000,11.700000,11.060000,11.650000,11.650000,55300
2007-02-20,11.600000,12.210000,11.580000,12.070000,12.070000,72500
2007-02-21,12.050000,12.370000,12.010000,12.350000,12.350000,84600
2007-02-22,12.340000,12.480000,12.130000,12.460000,12.460000,87100
2007-02-23,12.430000,12.430000,12.240000,12.360000,12.360000,87600
2007-02-26,12.360000,12.430000,12.250000,12.340000,12.340000,77000
2007-02-27,12.150000,12.390000,11.800000,11.800000,11.800000,94300
2007-02-28,11.950000,12.230000,11.510000,11.810000,11.810000,71100
2007-03-01,11.550000,11.850000,11.380000,11.680000,11.680000,129400
2007-03-02,11.650000,11.910000,11.320000,11.830000,11.830000,119500
2007-03-05,11.670000,11.760000,11.300000,11.370000,11.370000,109500
2007-03-06,11.130000,11.700000,11.130000,11.520000,11.520000,92300
2007-03-07,11.620000,11.680000,11.200000,11.510000,11.510000,133600
2007-03-08,11.140000,11.310000,9.660000,10.150000,10.150000,613000
2007-03-09,10.240000,10.250000,9.880000,10.040000,10.040000,190100
2007-03-12,10.070000,10.070000,9.740000,9.840000,9.840000,150100
2007-03-13,9.830000,9.940000,9.090000,9.190000,9.190000,245400
2007-03-14,9.220000,9.220000,8.880000,9.100000,9.100000,276600
2007-03-15,9.110000,9.110000,8.920000,9.000000,9.000000,82100
2007-03-16,8.990000,9.050000,8.880000,8.970000,8.970000,388200
2007-03-19,9.010000,9.140000,8.950000,9.020000,9.020000,197500
2007-03-20,9.000000,9.150000,8.860000,8.990000,8.990000,174700
2007-03-21,8.970000,9.290000,8.890000,9.290000,9.290000,134900
2007-03-22,9.350000,9.550000,9.160000,9.550000,9.550000,85700
2007-03-23,9.590000,9.740000,9.510000,9.580000,9.580000,105400
2007-03-26,9.640000,9.870000,9.550000,9.670000,9.670000,76700
2007-03-27,9.660000,9.780000,9.560000,9.720000,9.720000,51900
2007-03-28,9.650000,9.650000,9.340000,9.610000,9.610000,142200
2007-03-29,9.660000,9.740000,9.380000,9.700000,9.700000,161100
2007-03-30,9.820000,9.850000,9.460000,9.760000,9.760000,168600
2007-04-02,9.770000,9.770000,9.380000,9.680000,9.680000,126500
2007-04-03,9.680000,9.870000,9.570000,9.630000,9.630000,116000
2007-04-04,9.610000,9.720000,9.360000,9.370000,9.370000,86100
2007-04-05,9.380000,9.640000,9.080000,9.590000,9.590000,75800
2007-04-09,9.620000,9.660000,9.420000,9.590000,9.590000,65900
2007-04-10,9.620000,9.730000,9.440000,9.610000,9.610000,65700
2007-04-11,9.570000,9.660000,9.290000,9.510000,9.510000,97000
2007-04-12,9.370000,9.490000,9.210000,9.490000,9.490000,94600
2007-04-13,9.520000,9.650000,9.420000,9.650000,9.650000,85400
2007-04-16,9.680000,9.840000,9.590000,9.790000,9.790000,34900
2007-04-17,9.770000,10.100000,9.770000,10.040000,10.040000,89900
2007-04-18,9.880000,10.040000,9.750000,9.910000,9.910000,39600
2007-04-19,9.850000,9.850000,9.400000,9.430000,9.430000,63500
2007-04-20,9.600000,9.950000,9.420000,9.550000,9.550000,104900
2007-04-23,9.560000,9.750000,9.370000,9.660000,9.660000,68400
2007-04-24,9.640000,9.780000,9.390000,9.720000,9.720000,96100
2007-04-25,9.800000,10.080000,9.660000,10.010000,10.010000,65300
2007-04-26,9.980000,9.980000,9.670000,9.750000,9.750000,53400
2007-04-27,9.720000,9.730000,9.410000,9.610000,9.610000,124800
2007-04-30,9.780000,9.780000,9.290000,9.300000,9.300000,99400
2007-05-01,9.300000,9.500000,9.200000,9.470000,9.470000,63100
2007-05-02,9.490000,9.620000,9.420000,9.450000,9.450000,71400
2007-05-03,9.470000,9.470000,9.180000,9.230000,9.230000,73100
2007-05-04,9.110000,9.370000,9.080000,9.370000,9.370000,72600
2007-05-07,9.330000,9.500000,9.250000,9.280000,9.280000,47000
2007-05-08,9.190000,9.400000,9.190000,9.380000,9.380000,45100
2007-05-09,9.060000,9.800000,9.060000,9.800000,9.800000,107200
2007-05-10,9.710000,9.830000,9.250000,9.250000,9.250000,62500
2007-05-11,9.210000,9.420000,9.200000,9.420000,9.420000,37000
2007-05-14,9.390000,9.430000,9.200000,9.250000,9.250000,66500
2007-05-15,9.320000,9.380000,9.020000,9.030000,9.030000,83200
2007-05-16,9.040000,9.320000,8.870000,9.310000,9.310000,59000
2007-05-17,9.270000,9.730000,9.160000,9.460000,9.460000,116200
2007-05-18,9.410000,9.750000,9.310000,9.750000,9.750000,132700
2007-05-21,9.740000,9.990000,9.550000,9.970000,9.970000,78200
2007-05-22,9.850000,10.810000,9.670000,10.750000,10.750000,818200
2007-05-23,10.700000,10.800000,10.530000,10.700000,10.700000,323700
2007-05-24,10.700000,10.840000,10.430000,10.440000,10.440000,209200
2007-05-25,10.700000,10.820000,10.460000,10.720000,10.720000,36300
2007-05-29,10.750000,10.810000,10.700000,10.800000,10.800000,75200
2007-05-30,10.700000,10.750000,10.680000,10.730000,10.730000,94300
2007-05-31,10.720000,10.790000,10.670000,10.720000,10.720000,200800
2007-06-01,10.710000,10.940000,10.700000,10.750000,10.750000,75700
2007-06-04,10.690000,10.850000,10.690000,10.810000,10.810000,85900
2007-06-05,10.740000,10.740000,10.640000,10.690000,10.690000,109700
2007-06-06,10.610000,10.730000,10.580000,10.660000,10.660000,77800
2007-06-07,10.630000,10.670000,10.230000,10.290000,10.290000,116300
2007-06-08,10.250000,10.410000,10.200000,10.310000,10.310000,71500
2007-06-11,10.290000,10.690000,10.290000,10.610000,10.610000,48500
2007-06-12,10.540000,10.630000,9.960000,10.010000,10.010000,104400
2007-06-13,10.010000,10.660000,9.940000,10.640000,10.640000,60200
2007-06-14,10.620000,10.620000,10.340000,10.380000,10.380000,58300
2007-06-15,10.630000,10.630000,10.480000,10.550000,10.550000,159700
2007-06-18,10.370000,10.850000,10.370000,10.840000,10.840000,127900
2007-06-19,10.490000,10.630000,10.320000,10.500000,10.500000,181700
2007-06-20,10.510000,10.610000,10.430000,10.460000,10.460000,259200
2007-06-21,10.430000,10.520000,10.250000,10.500000,10.500000,74200
2007-06-22,10.460000,10.530000,10.250000,10.530000,10.530000,697000
2007-06-25,10.520000,10.720000,10.390000,10.510000,10.510000,195600
2007-06-26,10.580000,10.660000,10.470000,10.520000,10.520000,164900
2007-06-27,10.390000,10.840000,10.390000,10.810000,10.810000,111600
2007-06-28,10.830000,10.990000,10.780000,10.820000,10.820000,105100
2007-06-29,10.900000,11.000000,10.720000,10.780000,10.780000,89700
2007-07-02,10.770000,10.850000,10.490000,10.530000,10.530000,117600
2007-07-03,10.530000,10.700000,10.500000,10.610000,10.610000,39600
2007-07-05,10.600000,10.650000,10.470000,10.510000,10.510000,122300
2007-07-06,10.510000,10.640000,10.460000,10.530000,10.530000,97400
2007-07-09,10.550000,10.620000,10.450000,10.590000,10.590000,183900
2007-07-10,10.550000,10.680000,10.440000,10.530000,10.530000,97200
2007-07-11,10.510000,10.750000,10.450000,10.610000,10.610000,372900
2007-07-12,10.700000,10.800000,10.570000,10.750000,10.750000,57200
2007-07-13,10.670000,10.800000,10.410000,10.780000,10.780000,32300
2007-07-16,10.730000,10.840000,10.550000,10.660000,10.660000,55100
2007-07-17,10.760000,10.810000,10.570000,10.650000,10.650000,43400
2007-07-18,10.530000,10.590000,10.230000,10.580000,10.580000,83400
2007-07-19,10.620000,10.650000,10.230000,10.430000,10.430000,147300
2007-07-20,10.410000,10.550000,10.180000,10.460000,10.460000,140700
2007-07-23,10.530000,11.640000,10.530000,11.010000,11.010000,154800
2007-07-24,11.020000,11.160000,10.790000,10.900000,10.900000,146300
2007-07-25,11.000000,11.060000,10.730000,10.990000,10.990000,140900
2007-07-26,10.740000,10.930000,10.580000,10.740000,10.740000,236300
2007-07-27,10.680000,10.850000,10.490000,10.680000,10.680000,244300
2007-07-30,10.640000,11.050000,10.260000,10.900000,10.900000,224000
2007-07-31,11.080000,11.280000,10.900000,11.130000,11.130000,216100
2007-08-01,11.100000,11.130000,10.870000,11.120000,11.120000,196900
2007-08-02,11.190000,11.340000,11.050000,11.220000,11.220000,202600
2007-08-03,11.300000,11.690000,10.950000,11.040000,11.040000,202800
2007-08-06,11.150000,11.170000,10.230000,10.510000,10.510000,343700
2007-08-07,10.410000,10.940000,10.410000,10.650000,10.650000,222000
2007-08-08,10.770000,12.450000,10.700000,11.950000,11.950000,700800
2007-08-09,11.750000,12.240000,11.530000,11.880000,11.880000,337400
2007-08-10,11.570000,11.810000,11.000000,11.430000,11.430000,226200
2007-08-13,11.580000,11.820000,10.710000,10.920000,10.920000,186900
2007-08-14,10.950000,11.250000,10.540000,10.650000,10.650000,129100
2007-08-15,10.560000,11.320000,10.560000,10.770000,10.770000,300600
2007-08-16,10.740000,11.420000,10.560000,11.000000,11.000000,286600
2007-08-17,11.710000,11.710000,10.750000,11.220000,11.220000,239900
2007-08-20,11.290000,11.670000,10.900000,11.250000,11.250000,147100
2007-08-21,11.180000,11.600000,11.030000,11.040000,11.040000,92000
2007-08-22,11.210000,11.650000,11.120000,11.450000,11.450000,158300
2007-08-23,11.530000,11.570000,10.960000,11.000000,11.000000,78300
2007-08-24,10.980000,11.350000,10.950000,11.190000,11.190000,71600
2007-08-27,11.100000,11.300000,10.980000,11.010000,11.010000,180800
2007-08-28,10.920000,11.190000,10.730000,10.850000,10.850000,217800
2007-08-29,10.930000,11.180000,10.930000,11.180000,11.180000,90800
2007-08-30,11.030000,11.360000,11.000000,11.120000,11.120000,47600
2007-08-31,11.380000,11.450000,11.130000,11.170000,11.170000,81300
2007-09-04,11.270000,11.800000,11.270000,11.370000,11.370000,489500
2007-09-05,11.400000,11.450000,11.120000,11.130000,11.130000,160000
2007-09-06,12.490000,12.500000,11.620000,11.660000,11.660000,949600
2007-09-07,11.740000,11.990000,11.280000,11.560000,11.560000,855400
2007-09-10,11.740000,11.950000,11.270000,11.510000,11.510000,665400
2007-09-11,11.630000,11.910000,11.530000,11.860000,11.860000,408200
2007-09-12,11.790000,11.800000,11.270000,11.550000,11.550000,281500
2007-09-13,11.650000,11.900000,11.450000,11.770000,11.770000,685400
2007-09-14,11.650000,11.880000,11.550000,11.810000,11.810000,197600
2007-09-17,11.750000,11.910000,11.550000,11.850000,11.850000,358600
2007-09-18,11.900000,12.090000,11.750000,12.030000,12.030000,268500
2007-09-19,12.090000,12.200000,11.870000,11.980000,11.980000,290000
2007-09-20,11.910000,12.450000,11.910000,12.370000,12.370000,273200
2007-09-21,12.490000,13.040000,12.390000,12.760000,12.760000,419700
2007-09-24,12.730000,13.050000,12.580000,12.660000,12.660000,140200
2007-09-25,12.540000,12.860000,12.200000,12.770000,12.770000,110200
2007-09-26,12.830000,13.710000,12.600000,13.660000,13.660000,285000
2007-09-27,13.750000,13.750000,13.100000,13.240000,13.240000,171500
2007-09-28,13.280000,13.400000,12.450000,12.540000,12.540000,263500
2007-10-01,12.650000,13.830000,12.100000,13.830000,13.830000,457300
2007-10-02,13.970000,14.700000,13.200000,14.370000,14.370000,902300
2007-10-03,14.260000,14.790000,13.780000,14.480000,14.480000,316500
2007-10-04,14.880000,14.910000,14.350000,14.450000,14.450000,390500
2007-10-05,14.620000,14.650000,14.360000,14.490000,14.490000,431900
2007-10-08,14.630000,14.890000,14.250000,14.420000,14.420000,131200
2007-10-09,14.490000,14.540000,14.250000,14.480000,14.480000,202700
2007-10-10,14.490000,14.550000,14.220000,14.280000,14.280000,140200
2007-10-11,14.380000,14.550000,14.200000,14.360000,14.360000,104600
2007-10-12,14.410000,14.410000,14.170000,14.240000,14.240000,70700
2007-10-15,14.210000,14.400000,14.000000,14.150000,14.150000,169000
2007-10-16,14.170000,14.560000,14.150000,14.430000,14.430000,174000
2007-10-17,14.540000,14.600000,14.350000,14.520000,14.520000,123600
2007-10-18,14.530000,14.690000,14.200000,14.300000,14.300000,221800
2007-10-19,14.300000,14.500000,13.800000,13.830000,13.830000,216400
2007-10-22,13.700000,14.520000,13.700000,14.440000,14.440000,164600
2007-10-23,14.500000,15.030000,14.370000,14.780000,14.780000,511000
2007-10-24,14.850000,14.860000,14.410000,14.730000,14.730000,197500
2007-10-25,14.750000,14.800000,14.570000,14.750000,14.750000,169700
2007-10-26,14.890000,14.920000,14.550000,14.640000,14.640000,93000
2007-10-29,14.730000,14.870000,14.600000,14.780000,14.780000,97300
2007-10-30,14.750000,14.840000,14.390000,14.790000,14.790000,231800
2007-10-31,14.880000,14.880000,14.310000,14.730000,14.730000,167200
2007-11-01,14.600000,14.600000,13.770000,13.970000,13.970000,256600
2007-11-02,14.160000,14.550000,13.800000,14.490000,14.490000,112700
2007-11-05,15.100000,15.910000,14.830000,15.620000,15.620000,591200
2007-11-06,15.710000,15.710000,15.360000,15.630000,15.630000,328600
2007-11-07,15.470000,15.600000,15.210000,15.210000,15.210000,255300
2007-11-08,15.330000,15.880000,15.000000,15.420000,15.420000,139800
2007-11-09,15.580000,15.590000,14.430000,14.640000,14.640000,164300
2007-11-12,14.690000,15.210000,14.490000,14.810000,14.810000,199500
2007-11-13,14.980000,15.540000,14.720000,15.480000,15.480000,126900
2007-11-14,15.400000,15.840000,15.310000,15.720000,15.720000,255900
2007-11-15,15.580000,15.750000,15.250000,15.510000,15.510000,245100
2007-11-16,15.550000,15.670000,15.260000,15.390000,15.390000,142000
2007-11-19,15.220000,15.630000,14.920000,15.080000,15.080000,248100
2007-11-20,15.050000,15.970000,15.050000,15.740000,15.740000,275500
2007-11-21,15.620000,15.750000,15.370000,15.490000,15.490000,158300
2007-11-23,15.640000,16.200001,15.640000,15.900000,15.900000,60200
2007-11-26,15.900000,15.940000,15.070000,15.070000,15.070000,154700
2007-11-27,15.090000,15.730000,15.090000,15.690000,15.690000,114800
2007-11-28,15.890000,16.030001,15.300000,15.710000,15.710000,221100
2007-11-29,15.610000,16.090000,15.500000,15.650000,15.650000,140900
2007-11-30,15.840000,15.950000,14.890000,14.970000,14.970000,293100
2007-12-03,15.210000,15.210000,14.920000,14.970000,14.970000,203200
2007-12-04,14.800000,15.080000,14.780000,14.930000,14.930000,184100
2007-12-05,15.200000,15.570000,14.730000,15.120000,15.120000,187900
2007-12-06,15.500000,15.530000,14.990000,15.250000,15.250000,252000
2007-12-07,15.320000,15.330000,14.600000,14.890000,14.890000,321600
2007-12-10,14.890000,14.990000,13.540000,13.610000,13.610000,317600
2007-12-11,13.690000,13.860000,13.000000,13.150000,13.150000,376400
2007-12-12,13.540000,14.190000,13.330000,14.110000,14.110000,336600
2007-12-13,13.890000,14.060000,13.510000,13.780000,13.780000,257400
2007-12-14,13.660000,13.810000,13.330000,13.440000,13.440000,222500
2007-12-17,13.330000,13.390000,12.580000,12.690000,12.690000,237500
2007-12-18,12.780000,13.350000,12.610000,13.330000,13.330000,218700
2007-12-19,13.330000,13.380000,12.740000,12.750000,12.750000,158400
2007-12-20,12.910000,13.520000,12.900000,13.500000,13.500000,164300
2007-12-21,13.680000,14.030000,13.520000,13.890000,13.890000,336800
2007-12-24,13.950000,13.950000,12.920000,13.620000,13.620000,60200
2007-12-26,13.610000,13.780000,13.030000,13.660000,13.660000,96600
2007-12-27,13.680000,13.830000,13.000000,13.270000,13.270000,128700
2007-12-28,13.360000,13.800000,12.940000,13.100000,13.100000,94100
2007-12-31,12.990000,13.160000,12.850000,13.040000,13.040000,193100
2008-01-02,12.990000,13.030000,12.390000,12.510000,12.510000,401200
2008-01-03,12.560000,13.170000,12.560000,12.920000,12.920000,326000
2008-01-04,12.760000,12.980000,12.110000,12.150000,12.150000,364200
2008-01-07,12.240000,12.870000,12.000000,12.400000,12.400000,316800
2008-01-08,12.410000,12.820000,12.060000,12.090000,12.090000,244300
2008-01-09,12.060000,12.990000,12.010000,12.960000,12.960000,333400
2008-01-10,12.840000,13.250000,12.210000,12.590000,12.590000,285000
2008-01-11,12.520000,13.090000,12.100000,12.500000,12.500000,239400
2008-01-14,12.660000,12.780000,12.110000,12.480000,12.480000,274400
2008-01-15,12.280000,12.540000,12.150000,12.190000,12.190000,274400
2008-01-16,12.180000,12.730000,12.100000,12.570000,12.570000,145100
2008-01-17,12.640000,12.700000,12.000000,12.000000,12.000000,275000
2008-01-18,11.970000,12.400000,11.390000,11.490000,11.490000,327700
2008-01-22,11.150000,11.640000,10.700000,11.510000,11.510000,323700
2008-01-23,11.220000,12.000000,11.000000,11.710000,11.710000,284700
2008-01-24,11.760000,12.000000,11.600000,11.630000,11.630000,189300
2008-01-25,11.770000,12.000000,11.530000,11.630000,11.630000,129700
2008-01-28,11.630000,12.300000,11.300000,12.160000,12.160000,175500
2008-01-29,12.210000,12.410000,11.620000,11.730000,11.730000,246300
2008-01-30,11.620000,12.390000,11.620000,11.830000,11.830000,165200
2008-01-31,11.610000,12.280000,11.470000,12.130000,12.130000,148300
2008-02-01,12.150000,12.500000,11.940000,12.310000,12.310000,222200
2008-02-04,12.300000,12.440000,12.150000,12.200000,12.200000,178100
2008-02-05,11.930000,12.030000,11.450000,11.610000,11.610000,176000
2008-02-06,11.730000,11.910000,11.370000,11.400000,11.400000,142700
2008-02-07,11.390000,11.560000,10.710000,11.410000,11.410000,294600
2008-02-08,11.600000,11.860000,11.000000,11.040000,11.040000,170800
2008-02-11,11.100000,11.100000,10.650000,10.850000,10.850000,264300
2008-02-12,10.880000,11.000000,10.640000,10.800000,10.800000,217400
2008-02-13,10.900000,10.960000,10.720000,10.830000,10.830000,253400
2008-02-14,10.830000,10.890000,10.070000,10.280000,10.280000,792200
2008-02-15,10.240000,10.420000,10.070000,10.230000,10.230000,129900
2008-02-19,10.390000,10.590000,10.330000,10.460000,10.460000,126600
2008-02-20,10.410000,10.660000,10.280000,10.610000,10.610000,125300
2008-02-21,10.710000,10.760000,10.060000,10.080000,10.080000,101300
2008-02-22,10.080000,10.130000,9.750000,9.950000,9.950000,106800
2008-02-25,9.970000,10.360000,9.870000,10.340000,10.340000,175400
2008-02-26,10.290000,10.500000,10.080000,10.400000,10.400000,195500
2008-02-27,10.270000,10.770000,10.270000,10.510000,10.510000,206500
2008-02-28,10.400000,10.700000,10.130000,10.460000,10.460000,163800
2008-02-29,10.310000,10.700000,9.820000,9.890000,9.890000,176000
2008-03-03,9.920000,10.170000,9.800000,10.090000,10.090000,259000
2008-03-04,9.960000,10.240000,9.640000,9.730000,9.730000,320000
2008-03-05,9.860000,10.110000,9.670000,10.050000,10.050000,482700
2008-03-06,9.800000,11.350000,9.800000,10.820000,10.820000,508800
2008-03-07,10.550000,10.920000,10.400000,10.670000,10.670000,279800
2008-03-10,10.730000,11.060000,10.350000,10.370000,10.370000,279700
2008-03-11,10.690000,11.110000,10.400000,10.600000,10.600000,227300
2008-03-12,10.610000,10.770000,10.110000,10.250000,10.250000,237200
2008-03-13,10.130000,10.700000,10.080000,10.630000,10.630000,216800
2008-03-14,10.740000,10.760000,10.290000,10.540000,10.540000,132200
2008-03-17,10.180000,10.930000,10.130000,10.520000,10.520000,107900
2008-03-18,10.810000,11.000000,10.550000,10.950000,10.950000,161700
2008-03-19,11.000000,11.040000,10.830000,10.930000,10.930000,212300
2008-03-20,11.070000,11.660000,10.800000,11.330000,11.330000,400300
2008-03-24,11.400000,11.750000,11.280000,11.590000,11.590000,176400
2008-03-25,11.570000,12.060000,11.560000,11.990000,11.990000,161700
2008-03-26,11.810000,12.080000,11.560000,11.990000,11.990000,178400
2008-03-27,12.040000,12.080000,11.770000,12.040000,12.040000,262700
2008-03-28,12.010000,12.030000,11.430000,11.430000,11.430000,110400
2008-03-31,11.400000,11.450000,10.900000,10.930000,10.930000,155200
2008-04-01,10.840000,11.270000,10.640000,11.150000,11.150000,207000
2008-04-02,11.120000,11.210000,10.570000,10.780000,10.780000,168800
2008-04-03,10.660000,10.930000,10.550000,10.740000,10.740000,156000
2008-04-04,10.790000,11.220000,10.660000,11.000000,11.000000,139700
2008-04-07,11.060000,11.530000,11.010000,11.470000,11.470000,121100
2008-04-08,11.330000,11.450000,11.060000,11.220000,11.220000,130100
2008-04-09,11.270000,11.400000,10.860000,11.000000,11.000000,178900
2008-04-10,11.000000,11.390000,10.970000,11.200000,11.200000,118900
2008-04-11,11.050000,11.160000,10.960000,11.010000,11.010000,118400
2008-04-14,10.990000,11.360000,10.860000,11.020000,11.020000,141000
2008-04-15,11.070000,11.440000,10.850000,10.880000,10.880000,142800
2008-04-16,10.970000,10.970000,10.730000,10.780000,10.780000,209300
2008-04-17,10.720000,11.140000,10.720000,10.990000,10.990000,197900
2008-04-18,11.170000,11.350000,10.720000,10.760000,10.760000,129000
2008-04-21,10.690000,10.770000,10.470000,10.600000,10.600000,125300
2008-04-22,10.530000,10.530000,10.080000,10.240000,10.240000,190200
2008-04-23,10.290000,10.290000,10.060000,10.210000,10.210000,166800
2008-04-24,10.240000,10.790000,10.040000,10.730000,10.730000,244700
2008-04-25,10.750000,10.940000,10.520000,10.660000,10.660000,78700
2008-04-28,10.700000,10.960000,10.610000,10.650000,10.650000,82600
2008-04-29,10.530000,10.770000,10.480000,10.700000,10.700000,116400
2008-04-30,10.740000,11.000000,10.600000,10.660000,10.660000,118500
2008-05-01,10.670000,10.830000,10.440000,10.500000,10.500000,155400
2008-05-02,10.610000,10.650000,10.350000,10.430000,10.430000,108200
2008-05-05,10.440000,10.550000,10.230000,10.330000,10.330000,157800
2008-05-06,10.250000,10.510000,10.200000,10.480000,10.480000,131300
2008-05-07,10.470000,10.560000,10.120000,10.120000,10.120000,84200
2008-05-08,10.000000,10.390000,10.000000,10.370000,10.370000,118300
2008-05-09,10.440000,10.530000,10.270000,10.520000,10.520000,81200
2008-05-12,10.550000,11.000000,10.540000,10.930000,10.930000,119800
2008-05-13,10.980000,11.220000,10.870000,11.190000,11.190000,62900
2008-05-14,11.180000,11.710000,11.120000,11.220000,11.220000,151000
2008-05-15,11.200000,11.490000,10.990000,11.000000,11.000000,106300
2008-05-16,11.000000,11.050000,10.480000,10.610000,10.610000,134700
2008-05-19,10.580000,10.830000,10.470000,10.510000,10.510000,103700
2008-05-20,10.460000,10.810000,10.460000,10.690000,10.690000,96300
2008-05-21,10.720000,11.090000,10.620000,10.670000,10.670000,86300
2008-05-22,10.720000,11.040000,10.690000,10.980000,10.980000,86400
2008-05-23,10.950000,10.950000,10.630000,10.700000,10.700000,65600
2008-05-27,10.670000,10.990000,10.670000,10.890000,10.890000,88200
2008-05-28,10.890000,10.960000,10.610000,10.890000,10.890000,143600
2008-05-29,10.880000,11.550000,10.880000,11.330000,11.330000,107000
2008-05-30,11.360000,11.430000,11.120000,11.160000,11.160000,136900
2008-06-02,11.130000,11.170000,10.680000,10.910000,10.910000,164200
2008-06-03,10.960000,11.100000,10.510000,10.700000,10.700000,90200
2008-06-04,10.650000,11.110000,10.630000,11.020000,11.020000,103800
2008-06-05,11.010000,12.240000,11.010000,12.130000,12.130000,136100
2008-06-06,12.060000,12.230000,11.630000,11.700000,11.700000,69500
2008-06-09,11.750000,11.870000,11.280000,11.620000,11.620000,98200
2008-06-10,11.510000,11.930000,11.510000,11.680000,11.680000,51900
2008-06-11,11.630000,11.740000,11.250000,11.270000,11.270000,107500
2008-06-12,11.450000,12.730000,11.450000,12.540000,12.540000,171600
2008-06-13,12.650000,12.870000,12.030000,12.340000,12.340000,214800
2008-06-16,12.370000,12.700000,12.140000,12.620000,12.620000,159000
2008-06-17,12.610000,12.610000,12.280000,12.510000,12.510000,153400
2008-06-18,12.540000,12.600000,11.870000,12.090000,12.090000,152500
2008-06-19,13.610000,14.290000,13.350000,13.510000,13.510000,582200
2008-06-20,13.400000,13.480000,12.450000,13.430000,13.430000,502800
2008-06-23,13.440000,13.450000,12.780000,12.800000,12.800000,232200
2008-06-24,12.750000,13.200000,12.750000,12.970000,12.970000,184100
2008-06-25,12.980000,13.210000,12.860000,13.000000,13.000000,168300
2008-06-26,12.990000,13.350000,12.870000,13.050000,13.050000,221200
2008-06-27,13.000000,13.030000,12.630000,12.650000,12.650000,454400
2008-06-30,12.520000,12.540000,11.710000,12.190000,12.190000,393500
2008-07-01,12.040000,12.370000,11.810000,12.030000,12.030000,141200
2008-07-02,12.000000,12.000000,11.680000,11.810000,11.810000,221300
2008-07-03,11.860000,11.860000,11.520000,11.700000,11.700000,109800
2008-07-07,11.790000,11.980000,11.210000,11.420000,11.420000,182400
2008-07-08,11.460000,11.770000,11.200000,11.770000,11.770000,244700
2008-07-09,11.800000,12.020000,11.400000,11.510000,11.510000,117200
2008-07-10,11.460000,12.300000,11.460000,12.260000,12.260000,95900
2008-07-11,12.180000,12.670000,11.850000,12.430000,12.430000,109700
2008-07-14,12.610000,12.860000,12.460000,12.800000,12.800000,101300
2008-07-15,12.660000,13.050000,12.450000,12.640000,12.640000,141200
2008-07-16,12.670000,12.990000,12.120000,12.400000,12.400000,145400
2008-07-17,12.500000,12.620000,12.090000,12.610000,12.610000,92100
2008-07-18,12.600000,12.880000,11.910000,12.780000,12.780000,104800
2008-07-21,12.210000,12.800000,12.210000,12.600000,12.600000,108000
2008-07-22,12.510000,13.630000,12.510000,13.340000,13.340000,417500
2008-07-23,13.290000,13.920000,13.190000,13.700000,13.700000,251100
2008-07-24,13.790000,13.890000,12.990000,13.040000,13.040000,97000
2008-07-25,13.110000,13.500000,12.790000,13.250000,13.250000,131900
2008-07-28,13.250000,13.520000,12.020000,12.140000,12.140000,175300
2008-07-29,12.110000,13.060000,12.110000,12.910000,12.910000,110900
2008-07-30,13.000000,13.080000,12.660000,12.730000,12.730000,85700
2008-07-31,12.630000,13.040000,12.630000,12.920000,12.920000,86600
2008-08-01,12.970000,13.680000,12.790000,13.600000,13.600000,233800
2008-08-04,13.600000,13.600000,12.480000,12.600000,12.600000,110000
2008-08-05,12.760000,13.090000,12.760000,13.000000,13.000000,101600
2008-08-06,12.940000,13.510000,12.570000,13.370000,13.370000,162900
2008-08-07,13.270000,13.410000,12.850000,13.150000,13.150000,102100
2008-08-08,13.190000,13.750000,13.120000,13.420000,13.420000,221100
2008-08-11,13.420000,14.000000,13.100000,13.420000,13.420000,169000
2008-08-12,13.350000,13.350000,12.560000,12.790000,12.790000,172900
2008-08-13,12.750000,12.990000,12.230000,12.360000,12.360000,131500
2008-08-14,12.250000,12.820000,12.100000,12.640000,12.640000,45500
2008-08-15,12.770000,12.820000,12.280000,12.590000,12.590000,110800
2008-08-18,12.580000,12.580000,12.160000,12.410000,12.410000,79800
2008-08-19,12.290000,12.730000,12.280000,12.540000,12.540000,87800
2008-08-20,12.570000,13.400000,12.570000,12.960000,12.960000,108300
2008-08-21,13.460000,13.460000,12.850000,12.930000,12.930000,91500
2008-08-22,13.010000,13.450000,12.710000,13.270000,13.270000,90400
2008-08-25,13.240000,13.240000,12.270000,12.420000,12.420000,75000
2008-08-26,12.400000,12.900000,12.400000,12.840000,12.840000,66300
2008-08-27,12.870000,13.220000,12.500000,13.070000,13.070000,51200
2008-08-28,13.070000,13.470000,12.930000,13.150000,13.150000,109900
2008-08-29,13.120000,13.460000,12.960000,13.310000,13.310000,74500
2008-09-02,13.480000,14.180000,13.140000,13.280000,13.280000,103800
2008-09-03,13.280000,13.520000,12.940000,13.110000,13.110000,109700
2008-09-04,13.110000,13.500000,12.510000,12.580000,12.580000,128900
2008-09-05,12.520000,13.250000,12.510000,13.090000,13.090000,195300
2008-09-08,13.430000,14.340000,13.190000,14.220000,14.220000,209900
2008-09-09,14.220000,14.490000,13.320000,13.350000,13.350000,243800
2008-09-10,13.640000,14.050000,13.620000,13.750000,13.750000,160000
2008-09-11,13.610000,13.860000,13.420000,13.720000,13.720000,114400
2008-09-12,13.600000,14.120000,13.260000,13.280000,13.280000,219500
2008-09-15,13.360000,13.920000,13.140000,13.450000,13.450000,104000
2008-09-16,13.160000,13.420000,12.260000,13.420000,13.420000,163400
2008-09-17,13.260000,13.260000,12.400000,12.460000,12.460000,192100
2008-09-18,12.820000,13.620000,9.980000,11.630000,11.630000,434600
2008-09-19,12.580000,13.660000,12.020000,13.400000,13.400000,452900
2008-09-22,13.400000,14.000000,13.000000,13.120000,13.120000,157100
2008-09-23,13.220000,13.890000,13.120000,13.290000,13.290000,168900
2008-09-24,13.340000,13.660000,12.820000,12.960000,12.960000,92400
2008-09-25,13.060000,13.770000,13.060000,13.450000,13.450000,121300
2008-09-26,13.220000,13.470000,12.670000,13.350000,13.350000,96900
2008-09-29,13.160000,13.380000,11.500000,12.090000,12.090000,178900
2008-09-30,12.120000,12.620000,11.690000,11.740000,11.740000,229200
2008-10-01,11.250000,12.590000,11.090000,11.450000,11.450000,189500
2008-10-02,11.280000,11.320000,10.500000,10.500000,10.500000,157900
2008-10-03,10.520000,11.240000,9.620000,10.050000,10.050000,420700
2008-10-06,9.850000,10.030000,9.050000,9.710000,9.710000,167900
2008-10-07,9.050000,10.510000,8.810000,8.820000,8.820000,137600
2008-10-08,8.750000,9.200000,8.560000,8.700000,8.700000,189600
2008-10-09,8.550000,9.030000,7.860000,7.950000,7.950000,249600
2008-10-10,7.810000,7.970000,6.910000,7.860000,7.860000,392500
2008-10-13,8.250000,9.260000,7.930000,9.150000,9.150000,222400
2008-10-14,9.400000,9.430000,8.740000,9.160000,9.160000,130500
2008-10-15,9.000000,9.070000,7.980000,8.090000,8.090000,176900
2008-10-16,8.480000,9.790000,8.020000,8.300000,8.300000,402200
2008-10-17,8.050000,9.200000,7.830000,8.230000,8.230000,273100
2008-10-20,8.270000,8.290000,7.850000,7.960000,7.960000,156200
2008-10-21,7.860000,8.440000,7.860000,7.980000,7.980000,148100
2008-10-22,7.690000,7.940000,7.010000,7.030000,7.030000,91900
2008-10-23,7.070000,7.440000,6.430000,6.690000,6.690000,247400
2008-10-24,6.250000,6.250000,5.410000,5.420000,5.420000,226200
2008-10-27,5.310000,5.340000,4.420000,4.590000,4.590000,314500
2008-10-28,4.760000,4.760000,3.940000,4.250000,4.250000,452600
2008-10-29,4.350000,4.490000,3.910000,4.270000,4.270000,563600
2008-10-30,4.450000,5.020000,4.400000,5.000000,5.000000,366600
2008-10-31,5.000000,5.440000,4.860000,5.040000,5.040000,472200
2008-11-03,5.150000,5.510000,4.990000,5.470000,5.470000,328400
2008-11-04,5.640000,6.610000,5.470000,6.330000,6.330000,353200
2008-11-05,6.320000,6.450000,5.990000,6.160000,6.160000,194400
2008-11-06,6.130000,6.320000,5.810000,5.920000,5.920000,143200
2008-11-07,5.980000,6.170000,5.800000,6.100000,6.100000,56900
2008-11-10,6.260000,6.320000,6.020000,6.030000,6.030000,132200
2008-11-11,5.960000,5.960000,5.590000,5.600000,5.600000,147400
2008-11-12,5.520000,5.530000,4.760000,4.780000,4.780000,145400
2008-11-13,4.800000,6.370000,4.570000,6.120000,6.120000,378200
2008-11-14,6.000000,6.050000,4.840000,4.930000,4.930000,324800
2008-11-17,4.900000,4.900000,4.410000,4.510000,4.510000,219500
2008-11-18,4.510000,4.850000,4.400000,4.740000,4.740000,248200
2008-11-19,4.740000,4.750000,4.430000,4.540000,4.540000,187300
2008-11-20,4.490000,4.510000,4.030000,4.050000,4.050000,147400
2008-11-21,4.110000,4.190000,3.750000,4.150000,4.150000,256900
2008-11-24,4.210000,4.690000,3.770000,4.530000,4.530000,247600
2008-11-25,4.590000,4.590000,4.160000,4.310000,4.310000,194300
2008-11-26,4.200000,4.930000,4.180000,4.930000,4.930000,210100
2008-11-28,4.850000,5.020000,4.300000,5.010000,5.010000,61600
2008-12-01,4.870000,5.030000,3.700000,3.740000,3.740000,212600
2008-12-02,3.820000,4.500000,3.790000,4.460000,4.460000,201700
2008-12-03,4.350000,4.790000,4.090000,4.570000,4.570000,155500
2008-12-04,4.460000,4.750000,3.910000,4.190000,4.190000,167100
2008-12-05,4.040000,4.400000,3.910000,4.370000,4.370000,299400
2008-12-08,4.500000,4.970000,4.000000,4.150000,4.150000,210100
2008-12-09,4.100000,4.100000,3.820000,3.890000,3.890000,297800
2008-12-10,3.920000,4.090000,3.790000,4.000000,4.000000,163100
2008-12-11,3.890000,4.000000,3.700000,3.700000,3.700000,182600
2008-12-12,3.640000,3.760000,3.260000,3.490000,3.490000,262900
2008-12-15,3.520000,3.540000,2.910000,2.970000,2.970000,258900
2008-12-16,2.900000,3.240000,2.900000,3.020000,3.020000,227200
2008-12-17,3.030000,3.060000,2.790000,2.870000,2.870000,235600
2008-12-18,2.900000,3.010000,2.670000,2.710000,2.710000,169300
2008-12-19,2.650000,2.800000,2.190000,2.400000,2.400000,736400
2008-12-22,2.450000,2.740000,2.160000,2.340000,2.340000,290700
2008-12-23,2.430000,2.430000,2.120000,2.330000,2.330000,280000
2008-12-24,2.330000,2.380000,2.190000,2.310000,2.310000,120400
2008-12-26,2.300000,2.330000,2.170000,2.310000,2.310000,147600
2008-12-29,2.300000,2.390000,1.870000,2.080000,2.080000,601800
2008-12-30,2.090000,3.210000,2.090000,3.190000,3.190000,618200
2008-12-31,3.200000,4.250000,3.200000,4.080000,4.080000,840800
2009-01-02,4.090000,4.370000,3.500000,3.820000,3.820000,543500
2009-01-05,3.790000,4.100000,3.500000,4.050000,4.050000,307900
2009-01-06,4.070000,4.270000,4.000000,4.120000,4.120000,322700
2009-01-07,4.050000,4.170000,3.750000,4.090000,4.090000,176300
2009-01-08,4.090000,4.430000,3.850000,4.410000,4.410000,232000
2009-01-09,4.420000,4.500000,4.250000,4.280000,4.280000,185600
2009-01-12,4.250000,4.750000,4.210000,4.540000,4.540000,195100
2009-01-13,4.530000,4.630000,4.110000,4.120000,4.120000,298300
2009-01-14,4.050000,4.050000,3.220000,3.240000,3.240000,206200
2009-01-15,3.150000,3.150000,2.620000,2.800000,2.800000,468500
2009-01-16,2.840000,2.880000,2.610000,2.790000,2.790000,175100
2009-01-20,2.800000,2.830000,2.580000,2.610000,2.610000,209700
2009-01-21,2.670000,2.980000,2.600000,2.930000,2.930000,178100
2009-01-22,3.000000,3.060000,2.600000,2.740000,2.740000,120500
2009-01-23,2.570000,2.960000,2.570000,2.600000,2.600000,124600
2009-01-26,2.670000,3.000000,2.670000,2.830000,2.830000,172100
2009-01-27,2.850000,3.980000,2.850000,3.480000,3.480000,306700
2009-01-28,3.570000,3.940000,3.060000,3.310000,3.310000,211300
2009-01-29,3.240000,3.440000,2.890000,3.010000,3.010000,243600
2009-01-30,3.060000,3.170000,2.740000,2.760000,2.760000,112100
2009-02-02,2.710000,2.940000,2.500000,2.680000,2.680000,175500
2009-02-03,2.780000,2.890000,2.580000,2.720000,2.720000,151200
2009-02-04,2.740000,2.760000,2.510000,2.610000,2.610000,142000
2009-02-05,2.580000,2.650000,2.370000,2.510000,2.510000,198500
2009-02-06,2.570000,2.810000,2.490000,2.800000,2.800000,124200
2009-02-09,2.790000,2.940000,2.500000,2.530000,2.530000,151500
2009-02-10,2.530000,3.150000,2.430000,2.430000,2.430000,266600
2009-02-11,2.450000,2.570000,2.430000,2.500000,2.500000,128600
2009-02-12,2.470000,2.470000,2.270000,2.390000,2.390000,159300
2009-02-13,2.380000,2.530000,2.260000,2.500000,2.500000,324600
2009-02-17,2.420000,2.430000,2.100000,2.100000,2.100000,147600
2009-02-18,2.180000,2.390000,2.180000,2.280000,2.280000,194500
2009-02-19,2.310000,2.410000,2.170000,2.280000,2.280000,169500
2009-02-20,2.240000,2.240000,2.000000,2.130000,2.130000,145100
2009-02-23,2.160000,2.240000,2.000000,2.070000,2.070000,88400
2009-02-24,2.110000,2.200000,2.000000,2.190000,2.190000,110600
2009-02-25,2.170000,2.550000,2.050000,2.490000,2.490000,125900
2009-02-26,2.470000,2.540000,2.100000,2.100000,2.100000,175800
2009-02-27,2.060000,2.170000,2.010000,2.100000,2.100000,160700
2009-03-02,2.030000,2.310000,2.000000,2.000000,2.000000,120400
2009-03-03,2.070000,2.100000,1.750000,1.790000,1.790000,256400
2009-03-04,1.850000,1.890000,1.670000,1.740000,1.740000,217800
2009-03-05,1.680000,1.680000,1.270000,1.300000,1.300000,370400
2009-03-06,1.240000,1.240000,0.770000,0.840000,0.840000,656900
2009-03-09,0.860000,0.880000,0.590000,0.600000,0.600000,460200
2009-03-10,0.610000,0.810000,0.600000,0.680000,0.680000,862500
2009-03-11,0.890000,0.890000,0.650000,0.670000,0.670000,509700
2009-03-12,0.670000,0.670000,0.550000,0.550000,0.550000,2221200
2009-03-13,0.590000,0.670000,0.530000,0.600000,0.600000,1302600
2009-03-16,0.610000,0.890000,0.600000,0.860000,0.860000,694500
2009-03-17,0.870000,1.340000,0.850000,1.300000,1.300000,721800
2009-03-18,1.330000,1.330000,1.130000,1.270000,1.270000,417200
2009-03-19,1.300000,1.300000,1.150000,1.230000,1.230000,260300
2009-03-20,1.250000,1.460000,1.220000,1.450000,1.450000,425800
2009-03-23,1.570000,1.800000,1.500000,1.540000,1.540000,379400
2009-03-24,1.540000,1.550000,1.400000,1.410000,1.410000,172800
2009-03-25,1.420000,1.500000,1.350000,1.440000,1.440000,83900
2009-03-26,1.500000,1.620000,1.500000,1.620000,1.620000,263500
2009-03-27,1.600000,1.790000,1.600000,1.750000,1.750000,172500
2009-03-30,1.710000,1.710000,1.480000,1.530000,1.530000,179700
2009-03-31,1.580000,1.740000,1.500000,1.710000,1.710000,142600
2009-04-01,1.660000,1.850000,1.570000,1.850000,1.850000,162700
2009-04-02,1.900000,2.090000,1.590000,1.670000,1.670000,376100
2009-04-03,1.630000,1.930000,1.630000,1.860000,1.860000,138200
2009-04-06,1.820000,1.850000,1.730000,1.740000,1.740000,130500
2009-04-07,1.730000,1.750000,1.430000,1.540000,1.540000,223300
2009-04-08,1.560000,1.760000,1.560000,1.710000,1.710000,97100
2009-04-09,1.770000,1.950000,1.630000,1.800000,1.800000,222300
2009-04-13,1.770000,1.900000,1.770000,1.790000,1.790000,123100
2009-04-14,1.750000,1.790000,1.610000,1.680000,1.680000,185600
2009-04-15,1.660000,1.740000,1.620000,1.700000,1.700000,149200
2009-04-16,1.730000,1.810000,1.680000,1.750000,1.750000,89000
2009-04-17,1.760000,1.800000,1.730000,1.740000,1.740000,72100
2009-04-20,1.720000,1.730000,1.550000,1.550000,1.550000,107200
2009-04-21,1.510000,1.690000,1.480000,1.690000,1.690000,110400
2009-04-22,1.660000,1.710000,1.620000,1.650000,1.650000,73800
2009-04-23,1.700000,1.750000,1.560000,1.590000,1.590000,96000
2009-04-24,1.610000,1.740000,1.540000,1.700000,1.700000,119900
2009-04-27,1.630000,1.750000,1.610000,1.720000,1.720000,140500
2009-04-28,1.650000,1.750000,1.640000,1.730000,1.730000,70800
2009-04-29,1.760000,1.990000,1.750000,1.990000,1.990000,122800
2009-04-30,2.000000,2.200000,1.990000,2.060000,2.060000,175800
2009-05-01,1.950000,2.250000,1.950000,2.150000,2.150000,180900
2009-05-04,2.220000,2.620000,2.220000,2.600000,2.600000,290000
2009-05-05,2.550000,2.650000,2.510000,2.600000,2.600000,222600
2009-05-06,2.600000,2.710000,2.520000,2.710000,2.710000,225400
2009-05-07,2.780000,2.910000,2.700000,2.760000,2.760000,228500
2009-05-08,2.840000,3.670000,2.640000,3.200000,3.200000,389700
2009-05-11,3.180000,3.260000,2.810000,2.960000,2.960000,323100
2009-05-12,3.020000,3.350000,2.310000,2.520000,2.520000,380500
2009-05-13,2.470000,2.550000,2.000000,2.140000,2.140000,294000
2009-05-14,2.140000,2.460000,2.140000,2.310000,2.310000,151400
2009-05-15,2.300000,2.360000,2.070000,2.110000,2.110000,187900
2009-05-18,2.160000,2.380000,1.960000,2.300000,2.300000,318600
2009-05-19,2.480000,2.600000,2.330000,2.350000,2.350000,136900
2009-05-20,2.110000,2.590000,2.110000,2.210000,2.210000,165800
2009-05-21,2.170000,2.520000,2.170000,2.510000,2.510000,168000
2009-05-22,2.540000,2.600000,2.380000,2.500000,2.500000,182200
2009-05-26,2.470000,2.700000,2.310000,2.640000,2.640000,147900
2009-05-27,2.520000,2.590000,2.350000,2.490000,2.490000,151100
2009-05-28,2.510000,2.600000,2.490000,2.560000,2.560000,176300
2009-05-29,2.600000,2.610000,2.450000,2.500000,2.500000,140700
2009-06-01,2.580000,2.700000,2.570000,2.620000,2.620000,100600
2009-06-02,2.610000,2.720000,2.410000,2.680000,2.680000,247900
2009-06-03,2.640000,2.790000,2.560000,2.770000,2.770000,123200
2009-06-04,2.800000,2.990000,2.780000,2.980000,2.980000,135500
2009-06-05,3.010000,3.110000,2.860000,3.050000,3.050000,101300
2009-06-08,2.980000,3.040000,2.860000,3.000000,3.000000,191900
2009-06-09,2.990000,3.020000,2.750000,2.990000,2.990000,170600
2009-06-10,3.020000,3.020000,2.750000,2.760000,2.760000,188900
2009-06-11,2.750000,2.970000,2.520000,2.600000,2.600000,186900
2009-06-12,2.630000,2.890000,2.500000,2.840000,2.840000,218300
2009-06-15,2.880000,2.890000,2.670000,2.790000,2.790000,142600
2009-06-16,2.580000,2.910000,2.350000,2.360000,2.360000,468700
2009-06-17,2.430000,2.430000,2.300000,2.350000,2.350000,143500
2009-06-18,2.360000,2.400000,2.250000,2.250000,2.250000,175600
2009-06-19,2.310000,2.440000,2.140000,2.330000,2.330000,210100
2009-06-22,2.310000,2.340000,2.220000,2.230000,2.230000,153000
2009-06-23,2.250000,2.310000,2.150000,2.260000,2.260000,117800
2009-06-24,2.300000,2.520000,2.220000,2.260000,2.260000,69300
2009-06-25,2.250000,2.350000,2.250000,2.290000,2.290000,106300
2009-06-26,2.260000,2.470000,2.120000,2.130000,2.130000,4001000
2009-06-29,2.140000,2.270000,1.820000,1.820000,1.820000,425800
2009-06-30,1.820000,2.150000,1.820000,1.990000,1.990000,252500
2009-07-01,2.000000,2.190000,2.000000,2.150000,2.150000,289100
2009-07-02,2.070000,2.180000,2.040000,2.040000,2.040000,158500
2009-07-06,2.050000,2.060000,1.870000,1.880000,1.880000,174800
2009-07-07,1.960000,2.000000,1.900000,1.950000,1.950000,151200
2009-07-08,1.950000,1.970000,1.930000,1.950000,1.950000,142000
2009-07-09,1.950000,2.070000,1.950000,2.050000,2.050000,100300
2009-07-10,2.020000,2.060000,1.960000,2.000000,2.000000,59900
2009-07-13,1.990000,2.010000,1.890000,1.980000,1.980000,86600
2009-07-14,1.980000,2.020000,1.950000,2.000000,2.000000,31200
2009-07-15,2.030000,2.050000,1.930000,2.040000,2.040000,96600
2009-07-16,2.000000,2.070000,2.000000,2.030000,2.030000,44700
2009-07-17,2.030000,2.150000,2.030000,2.140000,2.140000,84800
2009-07-20,2.200000,2.490000,2.130000,2.140000,2.140000,177500
2009-07-21,2.180000,2.220000,2.100000,2.210000,2.210000,235100
2009-07-22,2.210000,2.330000,2.180000,2.300000,2.300000,163600
2009-07-23,2.310000,2.510000,2.260000,2.470000,2.470000,177700
2009-07-24,2.480000,2.550000,2.390000,2.500000,2.500000,167900
2009-07-27,2.540000,2.550000,2.440000,2.490000,2.490000,66200
2009-07-28,2.500000,2.520000,2.400000,2.500000,2.500000,75900
2009-07-29,2.500000,2.550000,2.300000,2.510000,2.510000,72700
2009-07-30,2.530000,2.650000,2.440000,2.470000,2.470000,92300
2009-07-31,2.500000,2.820000,2.500000,2.760000,2.760000,197400
2009-08-03,2.790000,2.850000,2.610000,2.800000,2.800000,108900
2009-08-04,2.800000,2.820000,2.520000,2.770000,2.770000,127800
2009-08-05,2.750000,2.830000,2.630000,2.780000,2.780000,70100
2009-08-06,2.790000,2.800000,2.710000,2.710000,2.710000,52200
2009-08-07,2.750000,2.780000,2.710000,2.710000,2.710000,56300
2009-08-10,2.740000,2.810000,2.660000,2.750000,2.750000,35000
2009-08-11,2.700000,2.700000,2.540000,2.540000,2.540000,55200
2009-08-12,2.570000,2.670000,2.460000,2.530000,2.530000,138400
2009-08-13,2.590000,2.680000,2.590000,2.640000,2.640000,48500
2009-08-14,2.590000,2.750000,2.550000,2.750000,2.750000,176000
2009-08-17,2.730000,2.840000,2.650000,2.760000,2.760000,92700
2009-08-18,2.760000,2.930000,2.620000,2.930000,2.930000,156200
2009-08-19,2.860000,3.150000,2.820000,3.150000,3.150000,261200
2009-08-20,3.100000,3.290000,3.100000,3.180000,3.180000,76100
2009-08-21,3.200000,3.250000,3.120000,3.200000,3.200000,98900
2009-08-24,3.170000,3.300000,3.150000,3.170000,3.170000,88400
2009-08-25,3.170000,3.190000,3.120000,3.120000,3.120000,56100
2009-08-26,3.080000,3.080000,2.850000,2.880000,2.880000,109400
2009-08-27,2.850000,2.920000,2.650000,2.750000,2.750000,81600
2009-08-28,2.810000,2.890000,2.660000,2.680000,2.680000,78000
2009-08-31,2.700000,2.770000,2.630000,2.680000,2.680000,40500
2009-09-01,2.650000,2.750000,2.530000,2.600000,2.600000,65400
2009-09-02,2.660000,2.800000,2.470000,2.530000,2.530000,189100
2009-09-03,2.580000,2.700000,2.560000,2.620000,2.620000,71300
2009-09-04,2.630000,2.650000,2.550000,2.650000,2.650000,34100
2009-09-08,2.720000,2.800000,2.560000,2.670000,2.670000,80800
2009-09-09,2.620000,2.890000,2.600000,2.780000,2.780000,66800
2009-09-10,2.650000,2.820000,2.650000,2.790000,2.790000,54400
2009-09-11,2.770000,2.890000,2.730000,2.830000,2.830000,70000
2009-09-14,2.850000,2.850000,2.760000,2.810000,2.810000,41900
2009-09-15,2.850000,2.950000,2.760000,2.790000,2.790000,25900
2009-09-16,2.760000,2.980000,2.760000,2.950000,2.950000,92700
2009-09-17,2.920000,3.130000,2.900000,3.090000,3.090000,157200
2009-09-18,3.090000,3.160000,3.000000,3.150000,3.150000,165800
2009-09-21,3.160000,3.280000,3.000000,3.020000,3.020000,161000
2009-09-22,2.950000,3.300000,2.900000,3.210000,3.210000,140200
2009-09-23,3.200000,3.230000,3.030000,3.130000,3.130000,63000
2009-09-24,3.100000,3.100000,2.800000,2.850000,2.850000,333400
2009-09-25,2.880000,3.060000,2.760000,2.790000,2.790000,100000
2009-09-28,2.850000,3.110000,2.790000,3.050000,3.050000,101700
2009-09-29,3.010000,3.070000,3.000000,3.000000,3.000000,38300
2009-09-30,2.990000,3.000000,2.900000,2.940000,2.940000,55100
2009-10-01,2.940000,2.940000,2.870000,2.880000,2.880000,68500
2009-10-02,2.810000,2.900000,2.700000,2.770000,2.770000,179900
2009-10-05,2.820000,2.880000,2.750000,2.750000,2.750000,21900
2009-10-06,2.800000,2.800000,2.720000,2.760000,2.760000,97000
2009-10-07,2.720000,2.920000,2.710000,2.790000,2.790000,200400
2009-10-08,2.990000,2.990000,2.750000,2.890000,2.890000,75900
2009-10-09,2.900000,2.900000,2.770000,2.830000,2.830000,101300
2009-10-12,2.850000,2.900000,2.850000,2.900000,2.900000,55800
2009-10-13,2.900000,2.910000,2.860000,2.890000,2.890000,131900
2009-10-14,2.900000,2.950000,2.850000,2.880000,2.880000,35100
2009-10-15,2.850000,3.140000,2.850000,3.060000,3.060000,138500
2009-10-16,3.040000,3.050000,2.910000,2.970000,2.970000,45800
2009-10-19,2.950000,3.020000,2.920000,3.020000,3.020000,42400
2009-10-20,3.070000,3.070000,2.900000,3.030000,3.030000,66800
2009-10-21,3.070000,3.100000,2.950000,2.990000,2.990000,186200
2009-10-22,2.970000,2.970000,2.810000,2.870000,2.870000,95600
2009-10-23,2.920000,2.950000,2.800000,2.890000,2.890000,117200
2009-10-26,2.860000,2.970000,2.750000,2.790000,2.790000,85300
2009-10-27,2.770000,2.780000,2.680000,2.680000,2.680000,82400
2009-10-28,2.650000,2.720000,2.580000,2.630000,2.630000,60400
2009-10-29,2.650000,2.800000,2.640000,2.770000,2.770000,57700
2009-10-30,2.750000,2.820000,2.690000,2.790000,2.790000,84300
2009-11-02,2.810000,2.830000,2.730000,2.810000,2.810000,37500
2009-11-03,2.750000,2.900000,2.550000,2.900000,2.900000,29100
2009-11-04,2.970000,3.080000,2.900000,3.070000,3.070000,98500
2009-11-05,3.070000,3.120000,3.010000,3.120000,3.120000,48500
2009-11-06,3.100000,3.120000,3.050000,3.100000,3.100000,27400
2009-11-09,3.100000,3.100000,2.950000,3.020000,3.020000,100700
2009-11-10,2.970000,2.980000,2.900000,2.940000,2.940000,28600
2009-11-11,2.970000,2.970000,2.860000,2.940000,2.940000,51600
2009-11-12,2.890000,3.250000,2.870000,3.150000,3.150000,118500
2009-11-13,3.190000,3.280000,2.960000,3.040000,3.040000,84200
2009-11-16,3.020000,3.270000,2.900000,2.950000,2.950000,43700
2009-11-17,2.910000,3.040000,2.910000,2.950000,2.950000,32400
2009-11-18,2.980000,3.000000,2.900000,2.920000,2.920000,28100
2009-11-19,2.910000,3.050000,2.900000,3.050000,3.050000,52500
2009-11-20,3.010000,3.270000,2.910000,3.270000,3.270000,84300
2009-11-23,3.230000,4.170000,3.230000,4.050000,4.050000,1690100
2009-11-24,4.160000,4.300000,3.700000,4.190000,4.190000,354400
2009-11-25,4.190000,4.190000,3.990000,3.990000,3.990000,117500
2009-11-27,3.910000,4.170000,3.820000,4.100000,4.100000,95300
2009-11-30,4.110000,4.340000,4.000000,4.140000,4.140000,162900
2009-12-01,4.240000,4.250000,3.950000,4.080000,4.080000,331100
2009-12-02,4.090000,4.090000,3.990000,4.060000,4.060000,102800
2009-12-03,4.100000,4.200000,4.030000,4.050000,4.050000,104900
2009-12-04,4.150000,4.360000,3.980000,3.980000,3.980000,170900
2009-12-07,3.970000,3.980000,3.620000,3.660000,3.660000,172500
2009-12-08,3.690000,3.730000,3.570000,3.570000,3.570000,52600
2009-12-09,3.620000,3.940000,3.610000,3.770000,3.770000,95300
2009-12-10,3.780000,3.920000,3.750000,3.800000,3.800000,100300
2009-12-11,3.860000,3.980000,3.770000,3.880000,3.880000,64200
2009-12-14,3.880000,4.220000,3.860000,4.050000,4.050000,241700
2009-12-15,4.000000,4.230000,3.980000,4.000000,4.000000,359400
2009-12-16,4.030000,4.060000,3.970000,3.970000,3.970000,415200
2009-12-17,3.900000,4.050000,3.900000,4.000000,4.000000,111400
2009-12-18,4.000000,4.330000,4.000000,4.100000,4.100000,254600
2009-12-21,4.170000,4.270000,4.110000,4.200000,4.200000,217000
2009-12-22,4.200000,4.400000,4.190000,4.290000,4.290000,125200
2009-12-23,4.290000,4.590000,4.260000,4.550000,4.550000,134200
2009-12-24,4.510000,4.510000,4.320000,4.400000,4.400000,25100
2009-12-28,4.350000,4.430000,4.090000,4.200000,4.200000,137700
2009-12-29,4.190000,4.190000,4.010000,4.050000,4.050000,135000
2009-12-30,4.070000,4.110000,4.030000,4.040000,4.040000,144300
2009-12-31,4.090000,4.090000,4.020000,4.020000,4.020000,64000
2010-01-04,4.110000,4.360000,4.100000,4.350000,4.350000,108200
2010-01-05,4.320000,4.350000,4.190000,4.300000,4.300000,47600
2010-01-06,4.270000,4.400000,4.270000,4.340000,4.340000,79100
2010-01-07,4.300000,4.390000,4.250000,4.360000,4.360000,21100
2010-01-08,4.340000,4.440000,4.340000,4.410000,4.410000,53400
2010-01-11,4.450000,4.530000,4.360000,4.400000,4.400000,77600
2010-01-12,4.400000,4.530000,4.340000,4.510000,4.510000,79200
2010-01-13,4.520000,4.670000,4.500000,4.610000,4.610000,139500
2010-01-14,4.630000,4.770000,4.600000,4.690000,4.690000,115500
2010-01-15,4.700000,4.790000,4.600000,4.790000,4.790000,126400
2010-01-19,4.800000,4.800000,4.610000,4.710000,4.710000,165100
2010-01-20,4.710000,4.790000,4.610000,4.750000,4.750000,69400
2010-01-21,4.770000,4.770000,4.620000,4.660000,4.660000,75400
2010-01-22,4.680000,4.700000,4.500000,4.650000,4.650000,125000
2010-01-25,4.650000,4.750000,4.550000,4.620000,4.620000,104600
2010-01-26,4.620000,4.620000,4.500000,4.580000,4.580000,45900
2010-01-27,4.540000,4.600000,4.350000,4.440000,4.440000,83300
2010-01-28,4.440000,4.530000,4.390000,4.510000,4.510000,42900
2010-01-29,4.500000,4.520000,4.350000,4.350000,4.350000,31900
2010-02-01,4.380000,4.400000,4.030000,4.380000,4.380000,106000
2010-02-02,4.390000,4.390000,4.300000,4.340000,4.340000,54700
2010-02-03,4.300000,4.300000,4.050000,4.240000,4.240000,173800
2010-02-04,4.210000,4.290000,4.200000,4.230000,4.230000,49200
2010-02-05,4.230000,4.340000,4.220000,4.220000,4.220000,23600
2010-02-08,4.200000,4.250000,4.180000,4.210000,4.210000,33300
2010-02-09,4.660000,4.700000,4.360000,4.410000,4.410000,58200
2010-02-10,4.440000,4.440000,4.150000,4.240000,4.240000,23300
2010-02-11,4.200000,4.530000,4.180000,4.470000,4.470000,35200
2010-02-12,4.480000,4.630000,4.480000,4.480000,4.480000,32000
2010-02-16,4.410000,4.450000,4.310000,4.400000,4.400000,32600
2010-02-17,4.400000,4.450000,4.360000,4.410000,4.410000,18300
2010-02-18,4.420000,4.780000,4.370000,4.660000,4.660000,288900
2010-02-19,4.660000,4.890000,4.590000,4.720000,4.720000,102400
2010-02-22,4.760000,4.840000,4.680000,4.720000,4.720000,63600
2010-02-23,4.750000,4.810000,4.650000,4.780000,4.780000,57800
2010-02-24,4.790000,4.790000,4.720000,4.770000,4.770000,39500
2010-02-25,4.700000,4.790000,4.680000,4.710000,4.710000,29100
2010-02-26,4.690000,4.690000,4.310000,4.530000,4.530000,139400
2010-03-01,4.570000,4.800000,4.540000,4.800000,4.800000,66400
2010-03-02,4.730000,4.800000,4.680000,4.790000,4.790000,167800
2010-03-03,4.800000,4.850000,4.700000,4.800000,4.800000,113900
2010-03-04,4.740000,4.790000,4.670000,4.720000,4.720000,57200
2010-03-05,4.730000,4.810000,4.630000,4.750000,4.750000,62300
2010-03-08,4.750000,4.850000,4.650000,4.840000,4.840000,104700
2010-03-09,4.850000,5.000000,4.730000,4.930000,4.930000,120500
2010-03-10,4.960000,5.090000,4.900000,4.900000,4.900000,76000
2010-03-11,4.940000,4.950000,4.850000,4.950000,4.950000,22800
2010-03-12,4.990000,5.140000,4.950000,5.140000,5.140000,72200
2010-03-15,5.150000,5.150000,5.080000,5.120000,5.120000,55600
2010-03-16,5.140000,5.140000,5.100000,5.140000,5.140000,46200
2010-03-17,5.140000,5.300000,5.080000,5.180000,5.180000,79100
2010-03-18,5.220000,5.220000,5.100000,5.100000,5.100000,27700
2010-03-19,5.090000,5.100000,4.850000,4.850000,4.850000,132900
2010-03-22,4.870000,5.000000,4.580000,4.830000,4.830000,104900
2010-03-23,4.800000,5.050000,4.800000,4.840000,4.840000,113900
2010-03-24,4.800000,4.890000,4.790000,4.820000,4.820000,65000
2010-03-25,4.880000,5.100000,4.860000,4.950000,4.950000,73400
2010-03-26,5.000000,5.040000,4.950000,5.020000,5.020000,34500
2010-03-29,5.000000,5.020000,4.860000,5.010000,5.010000,50800
2010-03-30,5.050000,5.110000,5.040000,5.040000,5.040000,72600
2010-03-31,5.060000,5.080000,5.000000,5.030000,5.030000,56300
2010-04-01,5.100000,5.140000,5.010000,5.100000,5.100000,118900
2010-04-05,5.150000,5.340000,5.100000,5.200000,5.200000,209600
2010-04-06,5.180000,5.230000,5.130000,5.230000,5.230000,88500
2010-04-07,5.190000,5.240000,5.000000,5.150000,5.150000,153100
2010-04-08,5.120000,5.190000,5.060000,5.190000,5.190000,179600
2010-04-09,5.200000,5.230000,5.140000,5.180000,5.180000,205700
2010-04-12,5.150000,5.200000,5.100000,5.180000,5.180000,198600
2010-04-13,5.170000,5.170000,5.100000,5.170000,5.170000,88300
2010-04-14,5.150000,5.170000,5.070000,5.070000,5.070000,145700
2010-04-15,5.100000,5.160000,5.060000,5.130000,5.130000,88100
2010-04-16,5.100000,5.120000,5.000000,5.080000,5.080000,74400
2010-04-19,5.040000,5.120000,5.000000,5.050000,5.050000,45900
2010-04-20,5.100000,5.100000,5.000000,5.060000,5.060000,121000
2010-04-21,5.050000,5.070000,4.960000,5.070000,5.070000,48100
2010-04-22,5.030000,5.070000,5.000000,5.060000,5.060000,56200
2010-04-23,5.000000,5.100000,5.000000,5.080000,5.080000,74400
2010-04-26,5.100000,5.100000,5.000000,5.040000,5.040000,92400
2010-04-27,5.050000,5.050000,4.900000,4.960000,4.960000,89200
2010-04-28,4.960000,5.010000,4.930000,4.940000,4.940000,74400
2010-04-29,5.020000,5.100000,4.980000,5.080000,5.080000,117100
2010-04-30,5.060000,5.240000,5.060000,5.160000,5.160000,40300
2010-05-03,5.240000,5.390000,5.220000,5.300000,5.300000,74100
2010-05-04,5.280000,5.340000,5.000000,5.050000,5.050000,138500
2010-05-05,5.070000,5.080000,5.000000,5.030000,5.030000,36400
2010-05-06,5.010000,5.070000,3.200000,4.660000,4.660000,281200
2010-05-07,4.700000,4.910000,4.230000,4.470000,4.470000,186700
2010-05-10,4.740000,4.910000,4.690000,4.830000,4.830000,95000
2010-05-11,4.720000,5.120000,4.720000,5.080000,5.080000,90300
2010-05-12,5.100000,5.290000,5.100000,5.200000,5.200000,74900
2010-05-13,5.230000,5.290000,5.180000,5.200000,5.200000,58700
2010-05-14,5.130000,5.190000,4.950000,5.060000,5.060000,68400
2010-05-17,5.020000,5.120000,4.910000,5.020000,5.020000,53500
2010-05-18,5.030000,5.090000,4.740000,4.980000,4.980000,124900
2010-05-19,4.930000,4.980000,4.640000,4.750000,4.750000,77800
2010-05-20,4.660000,4.680000,4.370000,4.410000,4.410000,85000
2010-05-21,4.390000,4.450000,4.140000,4.300000,4.300000,146900
2010-05-24,4.270000,4.380000,4.270000,4.380000,4.380000,45800
2010-05-25,4.300000,4.300000,4.010000,4.150000,4.150000,156100
2010-05-26,4.210000,4.380000,4.160000,4.280000,4.280000,51700
2010-05-27,4.340000,4.370000,4.270000,4.370000,4.370000,37000
2010-05-28,4.370000,4.530000,4.330000,4.490000,4.490000,65700
2010-06-01,4.420000,4.420000,4.110000,4.170000,4.170000,68300
2010-06-02,4.170000,4.200000,3.990000,4.180000,4.180000,81700
2010-06-03,4.190000,4.230000,4.100000,4.160000,4.160000,123900
2010-06-04,4.020000,4.200000,4.000000,4.140000,4.140000,69300
2010-06-07,4.100000,4.280000,4.000000,4.050000,4.050000,196300
2010-06-08,3.990000,4.010000,3.400000,3.550000,3.550000,204200
2010-06-09,3.550000,3.620000,3.320000,3.470000,3.470000,95100
2010-06-10,3.560000,3.560000,3.360000,3.460000,3.460000,128200
2010-06-11,3.400000,4.000000,3.390000,4.000000,4.000000,177800
2010-06-14,4.000000,4.480000,4.000000,4.410000,4.410000,121300
2010-06-15,4.410000,4.480000,4.010000,4.450000,4.450000,168400
2010-06-16,4.380000,4.450000,4.110000,4.200000,4.200000,76800
2010-06-17,4.190000,4.420000,4.150000,4.280000,4.280000,48300
2010-06-18,4.280000,4.370000,4.230000,4.310000,4.310000,28900
2010-06-21,4.400000,4.450000,4.000000,4.040000,4.040000,93900
2010-06-22,4.150000,4.150000,3.980000,3.980000,3.980000,48300
2010-06-23,3.950000,4.150000,3.910000,4.050000,4.050000,97100
2010-06-24,4.000000,4.070000,3.810000,3.870000,3.870000,143300
2010-06-25,3.960000,4.180000,3.720000,4.110000,4.110000,2900200
2010-06-28,4.080000,4.100000,3.830000,3.830000,3.830000,77300
2010-06-29,3.780000,3.830000,3.680000,3.730000,3.730000,135800
2010-06-30,3.740000,3.890000,3.690000,3.820000,3.820000,80900
2010-07-01,3.850000,3.850000,3.660000,3.690000,3.690000,81200
2010-07-02,3.720000,3.920000,3.600000,3.900000,3.900000,181600
2010-07-06,3.950000,3.980000,3.630000,3.810000,3.810000,103400
2010-07-07,3.830000,3.860000,3.730000,3.800000,3.800000,85600
2010-07-08,3.850000,3.930000,3.740000,3.870000,3.870000,77600
2010-07-09,3.850000,4.050000,3.800000,4.030000,4.030000,107700
2010-07-12,4.030000,4.070000,3.880000,4.040000,4.040000,64300
2010-07-13,4.100000,4.100000,3.850000,3.970000,3.970000,100900
2010-07-14,3.950000,3.970000,3.840000,3.900000,3.900000,55800
2010-07-15,3.900000,3.980000,3.810000,3.960000,3.960000,57300
2010-07-16,3.920000,3.920000,3.660000,3.690000,3.690000,124200
2010-07-19,3.710000,3.800000,3.610000,3.780000,3.780000,95300
2010-07-20,3.760000,3.940000,3.680000,3.930000,3.930000,69600
2010-07-21,3.940000,3.940000,3.650000,3.730000,3.730000,129700
2010-07-22,3.790000,4.040000,3.750000,4.040000,4.040000,162300
2010-07-23,4.010000,4.140000,3.980000,4.140000,4.140000,88200
2010-07-26,4.130000,4.390000,4.060000,4.380000,4.380000,96300
2010-07-27,4.420000,4.530000,4.240000,4.420000,4.420000,94700
2010-07-28,4.400000,4.440000,4.300000,4.320000,4.320000,78500
2010-07-29,4.350000,4.350000,4.110000,4.190000,4.190000,33700
2010-07-30,4.120000,4.120000,3.930000,3.990000,3.990000,48500
2010-08-02,4.060000,4.070000,3.960000,3.970000,3.970000,47200
2010-08-03,3.950000,4.000000,3.920000,3.960000,3.960000,42400
2010-08-04,3.970000,4.010000,3.950000,4.000000,4.000000,29900
2010-08-05,3.980000,4.030000,3.910000,3.980000,3.980000,34500
2010-08-06,3.950000,3.980000,3.700000,3.930000,3.930000,64700
2010-08-09,3.960000,4.190000,3.930000,4.180000,4.180000,47500
2010-08-10,4.130000,4.240000,4.000000,4.070000,4.070000,70700
2010-08-11,4.000000,4.050000,3.790000,3.850000,3.850000,76000
2010-08-12,3.800000,4.010000,3.780000,3.990000,3.990000,74000
2010-08-13,3.990000,4.010000,3.960000,4.000000,4.000000,99800
2010-08-16,3.970000,3.990000,3.860000,3.920000,3.920000,48000
2010-08-17,3.970000,4.150000,3.900000,4.120000,4.120000,95000
2010-08-18,4.100000,4.150000,4.040000,4.110000,4.110000,63400
2010-08-19,4.100000,4.100000,3.980000,4.010000,4.010000,77700
2010-08-20,4.010000,4.130000,3.990000,4.110000,4.110000,115000
2010-08-23,4.130000,4.170000,4.090000,4.100000,4.100000,63800
2010-08-24,4.030000,4.160000,4.030000,4.160000,4.160000,96900
2010-08-25,4.160000,4.200000,4.140000,4.180000,4.180000,66700
2010-08-26,4.180000,4.290000,4.180000,4.250000,4.250000,44200
2010-08-27,4.300000,4.350000,4.220000,4.340000,4.340000,70400
2010-08-30,4.320000,4.350000,4.130000,4.140000,4.140000,68600
2010-08-31,4.150000,4.480000,4.150000,4.440000,4.440000,143000
2010-09-01,4.510000,4.700000,4.420000,4.540000,4.540000,169200
2010-09-02,4.640000,4.640000,4.360000,4.400000,4.400000,81400
2010-09-03,4.440000,4.550000,4.400000,4.550000,4.550000,61100
2010-09-07,4.550000,4.550000,4.450000,4.480000,4.480000,55000
2010-09-08,4.500000,4.540000,4.340000,4.440000,4.440000,85700
2010-09-09,4.500000,4.500000,4.260000,4.320000,4.320000,87200
2010-09-10,4.350000,4.400000,4.320000,4.390000,4.390000,39500
2010-09-13,4.440000,4.500000,4.390000,4.490000,4.490000,77000
2010-09-14,4.490000,4.500000,4.410000,4.430000,4.430000,47900
2010-09-15,4.430000,4.460000,4.390000,4.400000,4.400000,30600
2010-09-16,4.440000,4.450000,4.260000,4.350000,4.350000,50800
2010-09-17,4.400000,4.400000,4.180000,4.190000,4.190000,131200
2010-09-20,4.200000,4.400000,4.200000,4.400000,4.400000,67900
2010-09-21,4.410000,4.450000,4.330000,4.400000,4.400000,85000
2010-09-22,4.380000,4.430000,4.180000,4.260000,4.260000,45700
2010-09-23,4.220000,4.300000,4.180000,4.240000,4.240000,50800
2010-09-24,4.290000,4.340000,4.290000,4.310000,4.310000,62700
2010-09-27,4.320000,4.380000,4.310000,4.370000,4.370000,26500
2010-09-28,4.370000,4.430000,4.300000,4.430000,4.430000,60000
2010-09-29,4.410000,4.440000,4.310000,4.370000,4.370000,50200
2010-09-30,4.380000,4.440000,4.180000,4.200000,4.200000,173900
2010-10-01,4.220000,4.400000,4.220000,4.390000,4.390000,99000
2010-10-04,4.390000,4.480000,4.270000,4.410000,4.410000,50400
2010-10-05,4.460000,4.500000,4.320000,4.480000,4.480000,48200
2010-10-06,4.450000,4.620000,4.450000,4.610000,4.610000,85500
2010-10-07,4.650000,4.670000,4.550000,4.630000,4.630000,30800
2010-10-08,4.560000,4.750000,4.560000,4.690000,4.690000,41400
2010-10-11,4.700000,4.770000,4.660000,4.750000,4.750000,35100
2010-10-12,4.730000,4.840000,4.730000,4.810000,4.810000,97200
2010-10-13,4.850000,4.990000,4.780000,4.920000,4.920000,86900
2010-10-14,4.900000,4.970000,4.880000,4.940000,4.940000,63400
2010-10-15,5.000000,5.000000,4.810000,4.850000,4.850000,65600
2010-10-18,4.850000,4.980000,4.820000,4.970000,4.970000,26600
2010-10-19,4.910000,5.000000,4.740000,4.800000,4.800000,63600
2010-10-20,4.840000,4.900000,4.780000,4.870000,4.870000,29700
2010-10-21,4.900000,4.980000,4.870000,4.900000,4.900000,39300
2010-10-22,4.900000,4.980000,4.870000,4.960000,4.960000,47700
2010-10-25,4.980000,5.000000,4.860000,4.880000,4.880000,35300
2010-10-26,4.850000,4.890000,4.770000,4.850000,4.850000,53400
2010-10-27,4.820000,4.890000,4.700000,4.770000,4.770000,39600
2010-10-28,4.820000,4.940000,4.730000,4.880000,4.880000,41800
2010-10-29,4.900000,4.980000,4.860000,4.930000,4.930000,99500
2010-11-01,4.960000,4.960000,4.710000,4.710000,4.710000,34000
2010-11-02,4.740000,4.790000,4.720000,4.770000,4.770000,43700
2010-11-03,4.800000,4.810000,4.740000,4.790000,4.790000,33500
2010-11-04,4.860000,4.890000,4.810000,4.870000,4.870000,51500
2010-11-05,4.870000,4.870000,4.790000,4.870000,4.870000,53900
2010-11-08,4.850000,4.950000,4.850000,4.890000,4.890000,43000
2010-11-09,4.910000,4.930000,4.840000,4.870000,4.870000,79000
2010-11-10,4.900000,4.900000,4.650000,4.710000,4.710000,113700
2010-11-11,4.660000,4.710000,4.650000,4.660000,4.660000,51700
2010-11-12,4.630000,4.720000,4.600000,4.660000,4.660000,44100
2010-11-15,4.620000,4.790000,4.620000,4.770000,4.770000,26300
2010-11-16,4.720000,4.720000,4.600000,4.660000,4.660000,118000
2010-11-17,4.660000,4.680000,4.590000,4.590000,4.590000,66400
2010-11-18,4.630000,4.660000,4.440000,4.540000,4.540000,145300
2010-11-19,4.540000,4.590000,4.300000,4.570000,4.570000,116900
2010-11-22,4.570000,4.640000,4.420000,4.450000,4.450000,44400
2010-11-23,4.430000,4.430000,4.310000,4.370000,4.370000,47600
2010-11-24,4.390000,4.510000,4.360000,4.510000,4.510000,64700
2010-11-26,4.500000,4.560000,4.500000,4.540000,4.540000,5800
2010-11-29,4.510000,4.610000,4.430000,4.590000,4.590000,48100
2010-11-30,4.530000,4.620000,4.460000,4.560000,4.560000,83000
2010-12-01,4.640000,4.650000,4.310000,4.450000,4.450000,150000
2010-12-02,4.470000,5.050000,4.470000,5.010000,5.010000,194500
2010-12-03,4.970000,5.080000,4.970000,5.040000,5.040000,86100
2010-12-06,5.040000,5.200000,5.040000,5.180000,5.180000,116800
2010-12-07,5.210000,5.550000,5.200000,5.520000,5.520000,207300
2010-12-08,5.530000,5.980000,5.530000,5.860000,5.860000,194100
2010-12-09,5.920000,6.000000,5.850000,5.980000,5.980000,113500
2010-12-10,5.960000,6.290000,5.950000,6.270000,6.270000,208400
2010-12-13,6.410000,6.800000,6.410000,6.700000,6.700000,316100
2010-12-14,6.750000,6.870000,6.570000,6.780000,6.780000,232800
2010-12-15,6.120000,6.580000,6.060000,6.560000,6.560000,234700
2010-12-16,6.530000,6.780000,6.430000,6.740000,6.740000,140300
2010-12-17,6.750000,6.770000,6.690000,6.690000,6.690000,178900
2010-12-20,6.790000,6.990000,6.750000,6.850000,6.850000,172900
2010-12-21,6.870000,6.900000,6.770000,6.850000,6.850000,227400
2010-12-22,6.890000,6.940000,6.760000,6.810000,6.810000,84700
2010-12-23,6.800000,6.990000,6.800000,6.970000,6.970000,61000
2010-12-27,7.000000,7.170000,6.910000,7.100000,7.100000,115600
2010-12-28,7.130000,7.190000,7.030000,7.060000,7.060000,69800
2010-12-29,7.100000,7.250000,7.050000,7.190000,7.190000,81400
2010-12-30,7.220000,7.250000,7.080000,7.080000,7.080000,135400
2010-12-31,7.050000,7.230000,7.040000,7.090000,7.090000,75700
2011-01-03,7.120000,7.240000,7.120000,7.200000,7.200000,91200
2011-01-04,7.230000,7.240000,6.810000,6.890000,6.890000,165100
2011-01-05,6.900000,7.260000,6.890000,7.220000,7.220000,116000
2011-01-06,7.220000,7.220000,6.980000,7.050000,7.050000,90900
2011-01-07,7.050000,7.080000,6.810000,6.900000,6.900000,76000
2011-01-10,6.840000,6.880000,6.490000,6.560000,6.560000,175800
2011-01-11,6.570000,6.680000,6.530000,6.650000,6.650000,68100
2011-01-12,6.730000,6.770000,6.660000,6.770000,6.770000,47700
2011-01-13,6.770000,6.900000,6.680000,6.860000,6.860000,63500
2011-01-14,6.880000,7.160000,6.880000,7.160000,7.160000,87300
2011-01-18,7.110000,7.130000,6.730000,6.800000,6.800000,97700
2011-01-19,6.820000,6.820000,6.310000,6.470000,6.470000,122300
2011-01-20,6.400000,6.430000,6.340000,6.340000,6.340000,59500
2011-01-21,6.370000,6.400000,6.250000,6.260000,6.260000,78500
2011-01-24,6.790000,7.780000,6.770000,7.540000,7.540000,714500
2011-01-25,7.900000,8.180000,7.600000,8.040000,8.040000,555400
2011-01-26,8.110000,8.150000,7.760000,8.130000,8.130000,422100
2011-01-27,8.140000,8.140000,7.910000,8.010000,8.010000,312400
2011-01-28,7.870000,8.000000,7.630000,7.700000,7.700000,345500
2011-01-31,7.880000,8.120000,7.770000,8.020000,8.020000,344600
2011-02-01,8.080000,8.290000,8.080000,8.190000,8.190000,296300
2011-02-02,8.190000,8.270000,7.960000,8.000000,8.000000,147100
2011-02-03,7.820000,8.070000,7.800000,8.020000,8.020000,182200
2011-02-04,8.040000,8.090000,7.820000,7.850000,7.850000,242700
2011-02-07,7.750000,7.790000,7.600000,7.670000,7.670000,342100
2011-02-08,7.630000,7.630000,7.330000,7.470000,7.470000,300800
2011-02-09,7.420000,7.460000,7.350000,7.410000,7.410000,165600
2011-02-10,7.330000,7.450000,7.270000,7.380000,7.380000,130600
2011-02-11,7.310000,7.580000,7.310000,7.540000,7.540000,186800
2011-02-14,7.510000,7.540000,7.400000,7.440000,7.440000,180500
2011-02-15,7.410000,7.430000,7.240000,7.270000,7.270000,218300
2011-02-16,7.330000,7.420000,7.260000,7.410000,7.410000,127700
2011-02-17,7.420000,7.500000,7.300000,7.500000,7.500000,124400
2011-02-18,7.560000,7.630000,7.410000,7.500000,7.500000,126900
2011-02-22,7.410000,7.450000,6.980000,7.080000,7.080000,185100
2011-02-23,7.110000,7.220000,7.000000,7.100000,7.100000,109900
2011-02-24,7.080000,7.100000,6.880000,6.960000,6.960000,199200
2011-02-25,6.980000,7.510000,6.840000,7.480000,7.480000,137200
2011-02-28,7.520000,7.660000,7.280000,7.330000,7.330000,162400
2011-03-01,7.330000,7.530000,7.040000,7.080000,7.080000,158100
2011-03-02,6.940000,7.200000,6.780000,7.010000,7.010000,207000
2011-03-03,7.120000,7.330000,6.980000,7.000000,7.000000,142200
2011-03-04,7.000000,7.070000,6.920000,7.050000,7.050000,149700
2011-03-07,7.080000,7.150000,6.900000,6.940000,6.940000,137400
2011-03-08,6.920000,7.200000,6.920000,7.120000,7.120000,75100
2011-03-09,7.090000,7.190000,7.050000,7.090000,7.090000,45100
2011-03-10,6.980000,7.040000,6.890000,6.980000,6.980000,175500
2011-03-11,6.960000,7.040000,6.930000,6.940000,6.940000,98800
2011-03-14,6.870000,7.540000,6.850000,7.150000,7.150000,157400
2011-03-15,6.980000,7.010000,6.880000,6.900000,6.900000,154600
2011-03-16,6.910000,7.020000,6.880000,6.960000,6.960000,215000
2011-03-17,7.090000,7.190000,6.720000,6.770000,6.770000,142400
2011-03-18,6.860000,6.910000,6.570000,6.660000,6.660000,145300
2011-03-21,6.750000,7.010000,6.560000,7.000000,7.000000,103500
2011-03-22,7.000000,7.000000,6.760000,6.810000,6.810000,59700
2011-03-23,6.770000,6.950000,6.600000,6.940000,6.940000,56000
2011-03-24,6.990000,7.170000,6.930000,7.020000,7.020000,63900
2011-03-25,7.050000,7.230000,6.970000,7.110000,7.110000,70500
2011-03-28,7.120000,7.160000,7.020000,7.090000,7.090000,39000
2011-03-29,7.100000,7.190000,6.940000,7.110000,7.110000,60200
2011-03-30,7.160000,7.190000,7.080000,7.170000,7.170000,43000
2011-03-31,7.180000,7.180000,7.060000,7.170000,7.170000,64400
2011-04-01,7.240000,7.240000,7.040000,7.120000,7.120000,25800
2011-04-04,7.160000,7.160000,6.950000,6.990000,6.990000,56400
2011-04-05,7.000000,7.040000,6.900000,6.960000,6.960000,42500
2011-04-06,7.010000,7.010000,6.860000,6.880000,6.880000,60000
2011-04-07,6.900000,6.900000,6.800000,6.850000,6.850000,66200
2011-04-08,6.910000,6.910000,6.530000,6.540000,6.540000,96900
2011-04-11,6.570000,6.700000,6.570000,6.680000,6.680000,59100
2011-04-12,6.650000,6.770000,6.470000,6.470000,6.470000,77800
2011-04-13,6.510000,6.640000,6.200000,6.400000,6.400000,126200
2011-04-14,6.680000,6.960000,6.550000,6.950000,6.950000,139600
2011-04-15,6.930000,7.000000,6.900000,6.980000,6.980000,116200
2011-04-18,6.840000,6.880000,6.650000,6.710000,6.710000,57600
2011-04-19,6.760000,6.910000,6.730000,6.900000,6.900000,32900
2011-04-20,7.000000,7.100000,6.960000,7.080000,7.080000,117900
2011-04-21,7.110000,7.110000,6.890000,6.920000,6.920000,95500
2011-04-25,6.880000,6.990000,6.670000,6.740000,6.740000,47800
2011-04-26,6.780000,6.820000,6.650000,6.670000,6.670000,59100
2011-04-27,6.710000,6.740000,6.550000,6.560000,6.560000,124000
2011-04-28,6.600000,6.670000,6.360000,6.490000,6.490000,241000
2011-04-29,6.500000,6.800000,6.500000,6.760000,6.760000,152000
2011-05-02,6.840000,6.990000,6.840000,6.920000,6.920000,110000
2011-05-03,6.910000,6.990000,6.690000,6.760000,6.760000,82000
2011-05-04,6.760000,6.760000,6.540000,6.540000,6.540000,58900
2011-05-05,6.500000,6.540000,6.350000,6.410000,6.410000,122500
2011-05-06,6.510000,6.800000,6.510000,6.610000,6.610000,97000
2011-05-09,6.580000,6.580000,6.440000,6.520000,6.520000,46000
2011-05-10,6.570000,6.650000,6.420000,6.650000,6.650000,36100
2011-05-11,6.610000,6.610000,6.350000,6.360000,6.360000,64700
2011-05-12,6.320000,6.370000,6.140000,6.350000,6.350000,83500
2011-05-13,6.340000,6.340000,6.150000,6.190000,6.190000,82000
2011-05-16,6.160000,6.340000,6.110000,6.110000,6.110000,55600
2011-05-17,6.110000,6.150000,5.980000,6.060000,6.060000,88200
2011-05-18,6.100000,6.160000,6.000000,6.090000,6.090000,56800
2011-05-19,6.130000,6.280000,6.100000,6.240000,6.240000,53500
2011-05-20,6.200000,6.450000,6.150000,6.300000,6.300000,160800
2011-05-23,6.220000,6.250000,6.010000,6.070000,6.070000,86600
2011-05-24,6.110000,6.110000,5.850000,5.980000,5.980000,92100
2011-05-25,5.940000,6.140000,5.810000,5.990000,5.990000,40800
2011-05-26,5.980000,6.220000,5.870000,6.170000,6.170000,98000
2011-05-27,6.220000,6.220000,5.920000,6.010000,6.010000,67000
2011-05-31,6.080000,6.370000,6.050000,6.300000,6.300000,150100
2011-06-01,6.290000,6.360000,6.100000,6.140000,6.140000,116000
2011-06-02,6.130000,6.180000,5.980000,6.030000,6.030000,53700
2011-06-03,5.950000,6.020000,5.840000,5.860000,5.860000,78000
2011-06-06,5.850000,5.950000,5.740000,5.800000,5.800000,120000
2011-06-07,5.860000,6.090000,5.800000,5.920000,5.920000,142400
2011-06-08,5.880000,5.880000,5.760000,5.770000,5.770000,49400
2011-06-09,5.670000,5.750000,5.580000,5.660000,5.660000,134400
2011-06-10,5.590000,5.660000,5.570000,5.600000,5.600000,66200
2011-06-13,5.620000,5.640000,5.450000,5.480000,5.480000,78500
2011-06-14,5.570000,6.110000,5.570000,6.060000,6.060000,341300
2011-06-15,5.960000,5.980000,5.650000,5.820000,5.820000,186400
2011-06-16,5.750000,5.750000,5.250000,5.560000,5.560000,669400
2011-06-17,5.570000,5.760000,5.400000,5.450000,5.450000,334000
2011-06-20,5.410000,5.600000,5.380000,5.430000,5.430000,237300
2011-06-21,5.490000,5.490000,5.320000,5.420000,5.420000,214300
2011-06-22,5.370000,5.540000,5.370000,5.390000,5.390000,93700
2011-06-23,5.320000,5.340000,5.050000,5.270000,5.270000,186500
2011-06-24,5.280000,5.470000,5.000000,5.470000,5.470000,1009500
2011-06-27,5.450000,5.980000,5.310000,5.970000,5.970000,156700
2011-06-28,5.980000,6.150000,5.750000,6.150000,6.150000,113200
2011-06-29,6.140000,6.190000,5.820000,5.950000,5.950000,204500
2011-06-30,5.990000,6.220000,5.940000,6.100000,6.100000,125000
2011-07-01,6.120000,6.180000,5.970000,6.130000,6.130000,118500
2011-07-05,6.110000,6.310000,6.070000,6.270000,6.270000,139100
2011-07-06,6.270000,6.470000,6.220000,6.400000,6.400000,109400
2011-07-07,6.460000,6.750000,6.330000,6.700000,6.700000,164300
2011-07-08,6.570000,6.800000,6.510000,6.710000,6.710000,142800
2011-07-11,6.660000,6.660000,6.320000,6.390000,6.390000,112700
2011-07-12,6.340000,6.510000,6.150000,6.410000,6.410000,196400
2011-07-13,6.450000,6.620000,6.360000,6.560000,6.560000,124000
2011-07-14,6.600000,6.600000,6.300000,6.370000,6.370000,78800
2011-07-15,6.380000,6.430000,6.250000,6.380000,6.380000,111500
2011-07-18,6.350000,6.450000,6.340000,6.410000,6.410000,106300
2011-07-19,6.470000,6.590000,6.410000,6.490000,6.490000,90900
2011-07-20,6.490000,6.490000,6.390000,6.420000,6.420000,67100
2011-07-21,6.450000,6.680000,6.400000,6.540000,6.540000,94700
2011-07-22,6.520000,6.560000,6.450000,6.500000,6.500000,51400
2011-07-25,6.400000,6.500000,6.390000,6.450000,6.450000,83300
2011-07-26,6.450000,6.450000,6.340000,6.340000,6.340000,100800
2011-07-27,6.300000,6.340000,6.020000,6.040000,6.040000,107800
2011-07-28,6.040000,6.240000,6.000000,6.100000,6.100000,100000
2011-07-29,6.000000,6.290000,5.910000,6.290000,6.290000,91300
2011-08-01,6.390000,6.410000,6.240000,6.240000,6.240000,154100
2011-08-02,6.200000,6.360000,5.960000,5.960000,5.960000,159300
2011-08-03,5.990000,6.040000,5.660000,5.900000,5.900000,181400
2011-08-04,5.790000,5.860000,5.630000,5.640000,5.640000,231500
2011-08-05,5.740000,5.860000,5.250000,5.360000,5.360000,165600
2011-08-08,5.120000,5.220000,4.730000,4.730000,4.730000,256200
2011-08-09,4.840000,5.480000,4.500000,5.090000,5.090000,181900
2011-08-10,4.950000,4.980000,4.580000,4.600000,4.600000,219900
2011-08-11,4.600000,5.330000,4.600000,5.290000,5.290000,204500
2011-08-12,5.350000,5.560000,5.310000,5.460000,5.460000,143800
2011-08-15,5.530000,5.750000,5.530000,5.640000,5.640000,83400
2011-08-16,5.540000,5.570000,5.150000,5.350000,5.350000,88400
2011-08-17,5.390000,5.500000,5.170000,5.300000,5.300000,37500
2011-08-18,5.050000,5.070000,4.890000,4.940000,4.940000,130100
2011-08-19,4.820000,5.000000,4.750000,4.810000,4.810000,95800
2011-08-22,4.960000,4.960000,4.700000,4.740000,4.740000,46200
2011-08-23,4.780000,5.190000,4.700000,5.150000,5.150000,84600
2011-08-24,5.110000,5.340000,4.980000,5.330000,5.330000,38600
2011-08-25,5.380000,5.380000,4.960000,5.020000,5.020000,75000
2011-08-26,4.960000,5.230000,4.930000,5.140000,5.140000,68700
2011-08-29,5.220000,5.570000,5.210000,5.550000,5.550000,89300
2011-08-30,5.650000,5.970000,5.550000,5.790000,5.790000,167200
2011-08-31,5.850000,5.850000,5.680000,5.740000,5.740000,144600
2011-09-01,5.750000,6.100000,5.740000,6.050000,6.050000,156900
2011-09-02,5.880000,5.990000,5.560000,5.600000,5.600000,113900
2011-09-06,5.550000,5.920000,5.550000,5.740000,5.740000,132700
2011-09-07,5.890000,6.200000,5.810000,6.130000,6.130000,207100
2011-09-08,6.100000,6.250000,5.840000,5.860000,5.860000,180900
2011-09-09,5.810000,5.910000,5.550000,5.710000,5.710000,132500
2011-09-12,5.570000,5.800000,5.330000,5.520000,5.520000,105800
2011-09-13,5.560000,5.670000,5.340000,5.580000,5.580000,160400
2011-09-14,5.660000,6.010000,5.490000,5.830000,5.830000,257700
2011-09-15,5.930000,5.990000,5.700000,5.800000,5.800000,94900
2011-09-16,5.850000,6.080000,5.810000,6.040000,6.040000,221500
2011-09-19,5.880000,6.030000,5.730000,5.840000,5.840000,90500
2011-09-20,5.910000,6.110000,5.700000,5.720000,5.720000,107000
2011-09-21,5.740000,6.110000,5.450000,5.480000,5.480000,109800
2011-09-22,5.250000,5.550000,5.070000,5.240000,5.240000,182300
2011-09-23,5.240000,5.450000,5.200000,5.420000,5.420000,153200
2011-09-26,5.520000,5.580000,5.120000,5.520000,5.520000,122800
2011-09-27,5.690000,5.820000,5.470000,5.650000,5.650000,132600
2011-09-28,5.670000,5.720000,5.310000,5.310000,5.310000,97200
2011-09-29,5.500000,5.500000,5.050000,5.300000,5.300000,159300
2011-09-30,5.170000,5.440000,5.110000,5.260000,5.260000,93400
2011-10-03,5.190000,5.550000,5.110000,5.160000,5.160000,292700
2011-10-04,5.100000,5.560000,5.050000,5.520000,5.520000,301800
2011-10-05,5.570000,5.730000,5.460000,5.600000,5.600000,73900
2011-10-06,5.700000,5.750000,5.440000,5.640000,5.640000,101200
2011-10-07,5.680000,5.730000,5.360000,5.510000,5.510000,103200
2011-10-10,5.650000,5.700000,5.410000,5.660000,5.660000,92500
2011-10-11,5.570000,5.860000,5.520000,5.830000,5.830000,104700
2011-10-12,5.880000,5.930000,5.770000,5.920000,5.920000,88200
2011-10-13,5.850000,5.990000,5.650000,5.910000,5.910000,65600
2011-10-14,6.000000,6.030000,5.790000,6.030000,6.030000,89200
2011-10-17,5.940000,5.970000,5.770000,5.790000,5.790000,83900
2011-10-18,5.820000,6.210000,5.690000,6.060000,6.060000,115700
2011-10-19,6.040000,6.100000,5.850000,5.960000,5.960000,106400
2011-10-20,5.960000,6.040000,5.830000,5.920000,5.920000,50900
2011-10-21,6.040000,6.150000,5.860000,5.990000,5.990000,90200
2011-10-24,6.050000,6.200000,5.920000,6.190000,6.190000,100200
2011-10-25,6.110000,6.590000,6.030000,6.510000,6.510000,293300
2011-10-26,6.600000,6.600000,6.210000,6.450000,6.450000,116600
2011-10-27,6.700000,6.900000,6.380000,6.770000,6.770000,204300
2011-10-28,6.730000,6.750000,6.490000,6.550000,6.550000,122600
2011-10-31,6.400000,6.450000,6.230000,6.280000,6.280000,94900
2011-11-01,6.010000,6.210000,5.800000,5.870000,5.870000,156700
2011-11-02,6.000000,6.340000,5.930000,6.090000,6.090000,164800
2011-11-03,6.200000,6.430000,6.040000,6.390000,6.390000,82500
2011-11-04,6.300000,6.360000,6.120000,6.200000,6.200000,57000
2011-11-07,6.120000,6.300000,5.910000,6.210000,6.210000,68600
2011-11-08,6.270000,6.430000,6.030000,6.400000,6.400000,99100
2011-11-09,6.180000,6.310000,5.900000,5.920000,5.920000,145300
2011-11-10,6.040000,6.120000,5.950000,6.110000,6.110000,71700
2011-11-11,6.210000,6.260000,6.000000,6.140000,6.140000,70700
2011-11-14,6.120000,6.190000,6.010000,6.050000,6.050000,77500
2011-11-15,6.020000,6.200000,6.020000,6.140000,6.140000,86100
2011-11-16,6.080000,6.250000,6.020000,6.050000,6.050000,136800
2011-11-17,5.990000,6.090000,5.950000,5.990000,5.990000,81000
2011-11-18,6.010000,6.070000,5.940000,6.030000,6.030000,40900
2011-11-21,5.860000,6.060000,5.670000,5.690000,5.690000,111500
2011-11-22,5.700000,5.760000,5.670000,5.670000,5.670000,60300
2011-11-23,5.650000,5.700000,5.510000,5.560000,5.560000,94300
2011-11-25,5.540000,5.690000,5.500000,5.500000,5.500000,43900
2011-11-28,5.730000,6.010000,5.670000,6.010000,6.010000,79100
2011-11-29,6.010000,6.010000,5.660000,5.760000,5.760000,64600
2011-11-30,6.170000,6.220000,5.930000,6.220000,6.220000,231900
2011-12-01,5.710000,6.130000,5.600000,6.000000,6.000000,116900
2011-12-02,6.110000,6.160000,6.040000,6.090000,6.090000,88300
2011-12-05,6.230000,6.250000,6.040000,6.180000,6.180000,62000
2011-12-06,6.190000,6.450000,6.080000,6.410000,6.410000,108600
2011-12-07,6.400000,6.500000,6.330000,6.450000,6.450000,84700
2011-12-08,6.380000,6.700000,6.240000,6.250000,6.250000,125800
2011-12-09,6.260000,6.500000,6.250000,6.490000,6.490000,74300
2011-12-12,6.350000,6.410000,6.250000,6.330000,6.330000,43600
2011-12-13,6.400000,6.470000,6.250000,6.250000,6.250000,55600
2011-12-14,6.200000,6.320000,6.200000,6.270000,6.270000,91000
2011-12-15,6.400000,6.400000,6.200000,6.290000,6.290000,53300
2011-12-16,6.320000,6.360000,6.050000,6.140000,6.140000,137100
2011-12-19,6.190000,6.290000,5.900000,5.920000,5.920000,65200
2011-12-20,6.060000,6.300000,5.880000,6.210000,6.210000,101400
2011-12-21,6.220000,6.500000,6.080000,6.500000,6.500000,50700
2011-12-22,6.500000,6.730000,6.500000,6.620000,6.620000,89300
2011-12-23,6.640000,6.700000,6.510000,6.690000,6.690000,47900
2011-12-27,6.630000,6.720000,6.440000,6.590000,6.590000,51400
2011-12-28,6.560000,6.590000,6.280000,6.310000,6.310000,66300
2011-12-29,6.330000,6.450000,6.250000,6.290000,6.290000,87600
2011-12-30,6.280000,6.490000,6.170000,6.400000,6.400000,116700
2012-01-03,6.560000,6.750000,6.410000,6.600000,6.600000,75400
2012-01-04,6.550000,6.660000,6.430000,6.450000,6.450000,64800
2012-01-05,6.410000,6.500000,6.220000,6.430000,6.430000,55500
2012-01-06,6.420000,6.500000,6.230000,6.420000,6.420000,57600
2012-01-09,6.460000,6.480000,6.280000,6.430000,6.430000,66900
2012-01-10,6.540000,6.820000,6.490000,6.810000,6.810000,390500
2012-01-11,6.790000,6.930000,6.790000,6.860000,6.860000,55000
2012-01-12,6.890000,6.950000,6.670000,6.840000,6.840000,61600
2012-01-13,6.730000,6.840000,6.670000,6.810000,6.810000,76200
2012-01-17,6.870000,7.020000,6.850000,7.000000,7.000000,96000
2012-01-18,6.990000,7.100000,6.930000,7.000000,7.000000,65600
2012-01-19,7.010000,7.050000,6.910000,6.950000,6.950000,76300
2012-01-20,6.920000,6.990000,6.810000,6.980000,6.980000,51800
2012-01-23,6.880000,6.960000,6.850000,6.950000,6.950000,31000
2012-01-24,6.830000,6.980000,6.750000,6.850000,6.850000,326200
2012-01-25,6.850000,7.030000,6.660000,7.000000,7.000000,34300
2012-01-26,7.030000,7.030000,6.820000,6.900000,6.900000,94900
2012-01-27,6.870000,6.930000,6.760000,6.880000,6.880000,55000
2012-01-30,6.830000,6.980000,6.710000,6.860000,6.860000,78200
2012-01-31,6.930000,6.970000,6.740000,6.860000,6.860000,83600
2012-02-01,6.960000,6.990000,6.810000,6.950000,6.950000,110700
2012-02-02,6.990000,6.990000,6.850000,6.900000,6.900000,59200
2012-02-03,7.000000,7.090000,6.930000,7.000000,7.000000,106200
2012-02-06,6.940000,7.150000,6.870000,7.060000,7.060000,77500
2012-02-07,7.070000,7.150000,7.000000,7.080000,7.080000,106100
2012-02-08,7.090000,7.120000,7.030000,7.090000,7.090000,149400
2012-02-09,7.110000,7.130000,7.000000,7.020000,7.020000,69600
2012-02-10,6.920000,6.990000,6.830000,6.900000,6.900000,52000
2012-02-13,6.990000,7.000000,6.880000,6.900000,6.900000,70100
2012-02-14,6.850000,6.900000,6.770000,6.880000,6.880000,61600
2012-02-15,6.910000,6.950000,6.770000,6.820000,6.820000,75500
2012-02-16,6.810000,6.940000,6.780000,6.800000,6.800000,75400
2012-02-17,6.860000,6.900000,6.700000,6.750000,6.750000,110000
2012-02-21,6.780000,6.810000,6.670000,6.700000,6.700000,48100
2012-02-22,6.680000,6.770000,6.670000,6.700000,6.700000,44100
2012-02-23,6.710000,6.780000,6.690000,6.750000,6.750000,96600
2012-02-24,6.740000,6.740000,6.530000,6.620000,6.620000,55100
2012-02-27,6.590000,6.740000,6.450000,6.630000,6.630000,56100
2012-02-28,6.640000,6.880000,6.630000,6.760000,6.760000,60900
2012-02-29,6.770000,6.770000,6.450000,6.550000,6.550000,643600
2012-03-01,6.410000,6.690000,6.350000,6.350000,6.350000,125000
2012-03-02,6.380000,6.480000,6.190000,6.250000,6.250000,148100
2012-03-05,6.230000,6.330000,6.200000,6.260000,6.260000,124400
2012-03-06,6.200000,6.310000,6.160000,6.220000,6.220000,176700
2012-03-07,6.230000,6.310000,6.150000,6.220000,6.220000,192800
2012-03-08,6.240000,6.310000,6.120000,6.260000,6.260000,145600
2012-03-09,6.250000,6.340000,6.200000,6.240000,6.240000,53800
2012-03-12,6.260000,6.300000,6.200000,6.250000,6.250000,115100
2012-03-13,6.320000,6.400000,6.250000,6.390000,6.390000,56500
2012-03-14,6.400000,6.430000,6.320000,6.420000,6.420000,73700
2012-03-15,6.400000,6.400000,6.250000,6.310000,6.310000,81800
2012-03-16,6.300000,6.340000,6.140000,6.320000,6.320000,169400
2012-03-19,6.310000,6.380000,6.200000,6.280000,6.280000,54100
2012-03-20,6.210000,6.420000,6.210000,6.360000,6.360000,95700
2012-03-21,6.370000,6.430000,6.270000,6.310000,6.310000,42800
2012-03-22,6.220000,6.340000,6.220000,6.340000,6.340000,71500
2012-03-23,6.330000,6.360000,6.200000,6.350000,6.350000,56100
2012-03-26,6.420000,6.650000,6.370000,6.600000,6.600000,71500
2012-03-27,6.630000,6.650000,6.490000,6.510000,6.510000,46000
2012-03-28,6.540000,6.600000,6.270000,6.350000,6.350000,66300
2012-03-29,6.290000,6.330000,6.200000,6.300000,6.300000,86900
2012-03-30,6.360000,6.360000,6.230000,6.230000,6.230000,47600
2012-04-02,6.250000,6.370000,6.200000,6.370000,6.370000,82700
2012-04-03,6.330000,6.360000,6.260000,6.290000,6.290000,97100
2012-04-04,6.220000,6.310000,6.150000,6.290000,6.290000,154700
2012-04-05,6.230000,6.470000,6.230000,6.400000,6.400000,76200
2012-04-09,6.290000,6.370000,6.200000,6.290000,6.290000,63800
2012-04-10,6.300000,6.500000,6.250000,6.300000,6.300000,112400
2012-04-11,6.400000,6.560000,6.380000,6.560000,6.560000,64800
2012-04-12,6.550000,6.810000,6.550000,6.680000,6.680000,72800
2012-04-13,6.640000,6.640000,6.300000,6.340000,6.340000,92900
2012-04-16,6.360000,6.470000,6.280000,6.420000,6.420000,36100
2012-04-17,6.500000,6.620000,6.440000,6.540000,6.540000,38100
2012-04-18,6.530000,6.530000,6.250000,6.330000,6.330000,73400
2012-04-19,6.350000,6.360000,6.200000,6.200000,6.200000,53300
2012-04-20,6.430000,6.430000,6.130000,6.160000,6.160000,75300
2012-04-23,6.060000,6.060000,5.860000,5.880000,5.880000,131700
2012-04-24,5.870000,6.050000,5.830000,5.980000,5.980000,51100
2012-04-25,6.040000,6.110000,5.730000,6.090000,6.090000,308000
2012-04-26,6.080000,6.270000,5.940000,6.240000,6.240000,70900
2012-04-27,6.240000,6.360000,6.100000,6.320000,6.320000,134400
2012-04-30,6.290000,6.290000,6.000000,6.030000,6.030000,111000
2012-05-01,6.020000,6.080000,5.680000,5.700000,5.700000,134000
2012-05-02,5.650000,5.680000,5.450000,5.560000,5.560000,91000
2012-05-03,5.560000,5.690000,5.400000,5.540000,5.540000,160800
2012-05-04,5.490000,5.760000,5.420000,5.590000,5.590000,86500
2012-05-07,5.590000,5.920000,5.590000,5.800000,5.800000,62000
2012-05-08,5.740000,5.960000,5.740000,5.930000,5.930000,232500
2012-05-09,5.860000,5.940000,5.830000,5.900000,5.900000,53000
2012-05-10,5.950000,6.170000,5.900000,6.050000,6.050000,107000
2012-05-11,5.990000,6.010000,5.800000,5.830000,5.830000,49300
2012-05-14,5.730000,5.810000,5.450000,5.600000,5.600000,67500
2012-05-15,5.600000,5.840000,5.580000,5.780000,5.780000,64000
2012-05-16,5.800000,5.950000,5.640000,5.660000,5.660000,38900
2012-05-17,5.660000,5.820000,5.470000,5.560000,5.560000,74300
2012-05-18,5.560000,5.700000,5.500000,5.530000,5.530000,79700
2012-05-21,5.570000,5.670000,5.470000,5.620000,5.620000,53700
2012-05-22,5.640000,5.690000,5.240000,5.300000,5.300000,102000
2012-05-23,5.220000,5.570000,5.220000,5.380000,5.380000,146000
2012-05-24,5.390000,5.400000,5.290000,5.380000,5.380000,108800
2012-05-25,5.390000,5.420000,5.300000,5.340000,5.340000,22500
2012-05-29,5.350000,5.460000,5.300000,5.360000,5.360000,22200
2012-05-30,5.290000,5.420000,5.150000,5.170000,5.170000,92700
2012-05-31,5.180000,5.200000,5.030000,5.060000,5.060000,60600
2012-06-01,4.950000,5.060000,4.880000,4.890000,4.890000,60700
2012-06-04,4.950000,5.050000,4.810000,4.880000,4.880000,128800
2012-06-05,4.830000,5.120000,4.830000,5.110000,5.110000,46300
2012-06-06,5.180000,5.440000,5.180000,5.420000,5.420000,81400
2012-06-07,5.500000,5.530000,5.370000,5.500000,5.500000,111200
2012-06-08,5.460000,5.740000,5.430000,5.520000,5.520000,77700
2012-06-11,5.580000,5.610000,5.250000,5.250000,5.250000,91800
2012-06-12,5.300000,5.420000,5.210000,5.360000,5.360000,124400
2012-06-13,5.330000,5.360000,5.240000,5.270000,5.270000,33900
2012-06-14,5.290000,5.440000,5.200000,5.240000,5.240000,57400
2012-06-15,5.220000,5.420000,5.220000,5.390000,5.390000,114900
2012-06-18,5.350000,5.410000,5.300000,5.360000,5.360000,100800
2012-06-19,5.390000,5.470000,5.350000,5.410000,5.410000,60600
2012-06-20,5.430000,5.510000,5.380000,5.400000,5.400000,42600
2012-06-21,5.400000,5.460000,5.150000,5.230000,5.230000,91500
2012-06-22,5.300000,5.490000,5.220000,5.480000,5.480000,842900
2012-06-25,5.410000,5.470000,5.200000,5.300000,5.300000,66100
2012-06-26,5.270000,5.400000,5.190000,5.390000,5.390000,51300
2012-06-27,5.390000,5.510000,5.250000,5.400000,5.400000,104700
2012-06-28,5.350000,5.520000,5.350000,5.480000,5.480000,68500
2012-06-29,5.520000,5.880000,5.410000,5.850000,5.850000,213000
2012-07-02,5.850000,5.850000,5.340000,5.440000,5.440000,153200
2012-07-03,5.390000,5.460000,5.330000,5.370000,5.370000,129900
2012-07-05,5.400000,5.460000,5.330000,5.360000,5.360000,99400
2012-07-06,5.290000,5.360000,5.200000,5.260000,5.260000,48300
2012-07-09,5.210000,5.300000,5.160000,5.190000,5.190000,155300
2012-07-10,5.200000,5.290000,5.080000,5.160000,5.160000,86200
2012-07-11,5.200000,5.270000,5.150000,5.250000,5.250000,125800
2012-07-12,5.180000,5.380000,5.120000,5.300000,5.300000,82900
2012-07-13,5.310000,5.580000,5.270000,5.470000,5.470000,60900
2012-07-16,5.470000,5.470000,5.300000,5.410000,5.410000,20500
2012-07-17,5.470000,5.470000,5.170000,5.330000,5.330000,37600
2012-07-18,5.300000,5.390000,5.210000,5.250000,5.250000,53900
2012-07-19,5.250000,5.250000,5.190000,5.210000,5.210000,25100
2012-07-20,5.140000,5.230000,5.100000,5.110000,5.110000,62000
2012-07-23,5.000000,5.140000,5.000000,5.050000,5.050000,61400
2012-07-24,5.080000,5.110000,5.010000,5.050000,5.050000,53100
2012-07-25,5.120000,5.170000,5.010000,5.060000,5.060000,70800
2012-07-26,5.130000,5.240000,5.020000,5.080000,5.080000,43300
2012-07-27,5.090000,5.120000,5.020000,5.060000,5.060000,74100
2012-07-30,5.050000,5.160000,5.040000,5.050000,5.050000,63600
2012-07-31,5.050000,5.130000,5.050000,5.050000,5.050000,69200
2012-08-01,5.070000,5.160000,5.050000,5.050000,5.050000,70000
2012-08-02,5.010000,5.140000,5.010000,5.120000,5.120000,47600
2012-08-03,5.170000,5.400000,5.160000,5.370000,5.370000,80300
2012-08-06,5.390000,5.550000,5.300000,5.320000,5.320000,53600
2012-08-07,5.340000,5.440000,5.140000,5.170000,5.170000,64100
2012-08-08,5.160000,5.160000,5.020000,5.060000,5.060000,151300
2012-08-09,5.020000,5.070000,4.880000,4.890000,4.890000,106500
2012-08-10,4.890000,4.930000,4.260000,4.460000,4.460000,446100
2012-08-13,4.420000,4.460000,4.090000,4.200000,4.200000,287700
2012-08-14,4.270000,4.450000,4.050000,4.160000,4.160000,192600
2012-08-15,4.170000,4.180000,4.050000,4.150000,4.150000,87800
2012-08-16,4.160000,4.650000,4.160000,4.520000,4.520000,666400
2012-08-17,4.490000,4.770000,4.490000,4.740000,4.740000,114200
2012-08-20,4.730000,4.840000,4.580000,4.810000,4.810000,128400
2012-08-21,4.810000,5.000000,4.600000,4.610000,4.610000,66500
2012-08-22,4.610000,4.780000,4.540000,4.730000,4.730000,52400
2012-08-23,4.710000,4.730000,4.590000,4.700000,4.700000,52000
2012-08-24,4.690000,4.740000,4.570000,4.700000,4.700000,82600
2012-08-27,4.700000,4.830000,4.630000,4.800000,4.800000,80100
2012-08-28,4.780000,4.900000,4.780000,4.860000,4.860000,75900
2012-08-29,4.860000,5.110000,4.860000,5.020000,5.020000,205300
2012-08-30,5.080000,5.080000,4.500000,4.860000,4.860000,133600
2012-08-31,4.940000,4.940000,4.660000,4.810000,4.810000,145200
2012-09-04,4.800000,4.810000,4.530000,4.640000,4.640000,154900
2012-09-05,4.650000,4.660000,4.550000,4.610000,4.610000,109200
2012-09-06,4.630000,4.780000,4.550000,4.700000,4.700000,104600
2012-09-07,4.730000,4.800000,4.630000,4.740000,4.740000,42900
2012-09-10,4.720000,4.790000,4.690000,4.740000,4.740000,71000
2012-09-11,4.720000,4.720000,4.390000,4.660000,4.660000,705200
2012-09-12,4.690000,4.880000,4.660000,4.880000,4.880000,47000
2012-09-13,4.880000,5.000000,4.710000,4.750000,4.750000,114600
2012-09-14,4.790000,4.990000,4.660000,4.910000,4.910000,113000
2012-09-17,4.850000,5.030000,4.850000,5.020000,5.020000,82900
2012-09-18,5.000000,5.150000,5.000000,5.090000,5.090000,94700
2012-09-19,5.110000,5.190000,5.050000,5.170000,5.170000,102500
2012-09-20,5.120000,5.180000,5.050000,5.100000,5.100000,96700
2012-09-21,5.180000,5.320000,5.040000,5.290000,5.290000,173900
2012-09-24,5.000000,5.000000,4.760000,4.870000,4.870000,274900
2012-09-25,4.870000,4.910000,4.730000,4.750000,4.750000,189900
2012-09-26,4.700000,4.710000,4.440000,4.540000,4.540000,265500
2012-09-27,4.420000,4.500000,4.230000,4.330000,4.330000,825400
2012-09-28,4.330000,4.790000,4.230000,4.270000,4.270000,7218300
2012-10-01,4.300000,4.420000,4.250000,4.350000,4.350000,604300
2012-10-02,4.360000,4.480000,4.300000,4.390000,4.390000,280300
2012-10-03,4.390000,4.420000,4.330000,4.360000,4.360000,278500
2012-10-04,4.370000,4.430000,4.270000,4.350000,4.350000,250700
2012-10-05,4.360000,4.400000,4.290000,4.340000,4.340000,84400
2012-10-08,4.290000,4.350000,4.270000,4.290000,4.290000,310000
2012-10-09,4.310000,4.400000,4.200000,4.340000,4.340000,433000
2012-10-10,4.330000,4.460000,4.250000,4.440000,4.440000,314200
2012-10-11,4.460000,4.650000,4.380000,4.570000,4.570000,147700
2012-10-12,4.560000,4.590000,4.460000,4.570000,4.570000,283100
2012-10-15,4.600000,4.650000,4.410000,4.540000,4.540000,197600
2012-10-16,4.590000,4.590000,4.480000,4.530000,4.530000,274200
2012-10-17,4.560000,4.700000,4.520000,4.650000,4.650000,368600
2012-10-18,4.670000,4.740000,4.630000,4.640000,4.640000,312300
2012-10-19,4.610000,4.700000,4.500000,4.600000,4.600000,254000
2012-10-22,4.610000,4.780000,4.500000,4.540000,4.540000,194900
2012-10-23,4.470000,4.580000,4.400000,4.560000,4.560000,131100
2012-10-24,4.590000,4.630000,4.430000,4.480000,4.480000,266500
2012-10-25,4.510000,4.600000,4.480000,4.560000,4.560000,155500
2012-10-26,4.570000,4.570000,4.420000,4.520000,4.520000,239000
2012-10-31,4.540000,4.750000,4.470000,4.580000,4.580000,1245000
2012-11-01,4.600000,4.740000,4.500000,4.610000,4.610000,445100
2012-11-02,4.620000,4.620000,4.480000,4.510000,4.510000,137300
2012-11-05,4.500000,4.540000,4.450000,4.500000,4.500000,186700
2012-11-06,4.530000,4.620000,4.460000,4.530000,4.530000,82200
2012-11-07,4.480000,4.500000,4.390000,4.410000,4.410000,134400
2012-11-08,4.450000,4.490000,4.400000,4.400000,4.400000,244400
2012-11-09,4.350000,4.500000,4.300000,4.430000,4.430000,193200
2012-11-12,4.420000,4.480000,4.410000,4.460000,4.460000,125800
2012-11-13,4.420000,4.580000,4.420000,4.520000,4.520000,56000
2012-11-14,4.520000,4.560000,4.460000,4.490000,4.490000,286900
2012-11-15,4.500000,4.500000,4.320000,4.340000,4.340000,227300
2012-11-16,4.310000,4.330000,4.190000,4.300000,4.300000,259900
2012-11-19,4.340000,4.480000,4.290000,4.430000,4.430000,815600
2012-11-20,4.410000,4.530000,4.380000,4.530000,4.530000,70300
2012-11-21,4.560000,4.600000,4.430000,4.460000,4.460000,140500
2012-11-23,4.460000,4.570000,4.440000,4.490000,4.490000,88300
2012-11-26,4.490000,4.600000,4.440000,4.590000,4.590000,286200
2012-11-27,4.350000,4.660000,4.350000,4.630000,4.630000,267900
2012-11-28,4.530000,4.600000,4.410000,4.460000,4.460000,178000
2012-11-29,4.500000,4.500000,4.360000,4.480000,4.480000,144100
2012-11-30,4.460000,4.470000,4.370000,4.420000,4.420000,206600
2012-12-03,4.440000,4.450000,4.300000,4.310000,4.310000,149300
2012-12-04,4.000000,4.320000,3.760000,4.070000,4.070000,814000
2012-12-05,4.050000,4.100000,3.910000,4.000000,4.000000,283400
2012-12-06,4.000000,4.240000,3.990000,4.240000,4.240000,299600
2012-12-07,4.280000,4.340000,4.080000,4.150000,4.150000,438100
2012-12-10,4.170000,4.200000,4.000000,4.200000,4.200000,275700
2012-12-11,4.240000,4.240000,4.150000,4.210000,4.210000,278200
2012-12-12,4.210000,4.270000,4.150000,4.250000,4.250000,163600
2012-12-13,4.230000,4.250000,4.160000,4.230000,4.230000,178000
2012-12-14,4.210000,4.250000,4.150000,4.200000,4.200000,164200
2012-12-17,4.210000,4.260000,4.150000,4.230000,4.230000,117300
2012-12-18,4.250000,4.440000,4.210000,4.400000,4.400000,104300
2012-12-19,4.380000,4.440000,4.260000,4.430000,4.430000,128800
2012-12-20,4.420000,4.480000,4.350000,4.470000,4.470000,112300
2012-12-21,4.440000,4.610000,4.300000,4.600000,4.600000,579600
2012-12-24,4.590000,4.630000,4.490000,4.610000,4.610000,40800
2012-12-26,4.610000,4.610000,4.370000,4.380000,4.380000,150900
2012-12-27,4.410000,4.430000,4.160000,4.240000,4.240000,300900
2012-12-28,4.230000,4.250000,4.180000,4.210000,4.210000,100300
2012-12-31,4.200000,4.380000,4.130000,4.380000,4.380000,153500
2013-01-02,4.470000,4.560000,4.370000,4.510000,4.510000,251800
2013-01-03,4.530000,4.560000,4.500000,4.550000,4.550000,165500
2013-01-04,4.580000,4.650000,4.510000,4.600000,4.600000,128500
2013-01-07,4.570000,4.570000,4.410000,4.430000,4.430000,80200
2013-01-08,4.410000,4.430000,4.330000,4.420000,4.420000,50400
2013-01-09,4.450000,4.490000,4.300000,4.380000,4.380000,83800
2013-01-10,4.410000,4.500000,4.380000,4.490000,4.490000,108500
2013-01-11,4.500000,4.520000,4.340000,4.460000,4.460000,126200
2013-01-14,4.420000,4.430000,4.270000,4.380000,4.380000,106600
2013-01-15,4.340000,4.440000,4.340000,4.400000,4.400000,71700
2013-01-16,4.370000,4.380000,4.280000,4.370000,4.370000,67000
2013-01-17,4.400000,4.430000,4.340000,4.430000,4.430000,230700
2013-01-18,4.410000,4.420000,4.320000,4.420000,4.420000,104400
2013-01-22,4.410000,4.430000,4.310000,4.420000,4.420000,91300
2013-01-23,4.400000,4.400000,4.260000,4.380000,4.380000,201800
2013-01-24,4.370000,4.450000,4.290000,4.430000,4.430000,113400
2013-01-25,4.300000,4.500000,4.300000,4.340000,4.340000,160500
2013-01-28,4.340000,4.510000,4.340000,4.490000,4.490000,178600
2013-01-29,4.470000,4.650000,4.470000,4.640000,4.640000,87900
2013-01-30,4.620000,4.620000,4.410000,4.500000,4.500000,79600
2013-01-31,4.510000,4.620000,4.500000,4.540000,4.540000,161900
2013-02-01,4.580000,4.640000,4.510000,4.570000,4.570000,123300
2013-02-04,4.540000,4.540000,4.230000,4.350000,4.350000,305300
2013-02-05,4.380000,4.470000,4.300000,4.460000,4.460000,125800
2013-02-06,4.420000,4.480000,4.310000,4.480000,4.480000,79100
2013-02-07,4.490000,4.510000,4.350000,4.500000,4.500000,65300
2013-02-08,4.520000,4.520000,4.400000,4.490000,4.490000,61100
2013-02-11,4.460000,4.550000,4.460000,4.550000,4.550000,91800
2013-02-12,4.560000,4.570000,4.500000,4.530000,4.530000,58800
2013-02-13,4.540000,4.620000,4.410000,4.580000,4.580000,59000
2013-02-14,4.600000,4.650000,4.540000,4.590000,4.590000,117700
2013-02-15,4.630000,4.630000,4.490000,4.600000,4.600000,163800
2013-02-19,4.600000,4.640000,4.560000,4.640000,4.640000,92100
2013-02-20,4.650000,4.650000,4.530000,4.530000,4.530000,95300
2013-02-21,4.550000,4.590000,4.490000,4.520000,4.520000,103100
2013-02-22,4.560000,4.640000,4.460000,4.640000,4.640000,119000
2013-02-25,4.680000,4.680000,4.470000,4.500000,4.500000,130700
2013-02-26,4.520000,4.660000,4.480000,4.630000,4.630000,95000
2013-02-27,4.620000,4.670000,4.570000,4.600000,4.600000,168500
2013-02-28,4.610000,4.720000,4.510000,4.680000,4.680000,212600
2013-03-01,4.620000,4.740000,4.580000,4.690000,4.690000,177800
2013-03-04,4.690000,4.740000,4.560000,4.720000,4.720000,148400
2013-03-05,3.960000,4.510000,3.870000,4.240000,4.240000,1007600
2013-03-06,4.230000,4.330000,4.190000,4.260000,4.260000,379300
2013-03-07,4.220000,4.260000,4.100000,4.150000,4.150000,260900
2013-03-08,4.180000,4.190000,4.080000,4.150000,4.150000,423500
2013-03-11,4.130000,4.470000,4.100000,4.300000,4.300000,334900
2013-03-12,4.300000,4.390000,4.090000,4.220000,4.220000,205500
2013-03-13,4.240000,4.250000,4.150000,4.200000,4.200000,85000
2013-03-14,4.210000,4.290000,4.130000,4.130000,4.130000,367800
2013-03-15,4.160000,4.330000,4.160000,4.210000,4.210000,334200
2013-03-18,4.150000,4.300000,4.120000,4.280000,4.280000,148700
2013-03-19,4.300000,4.380000,4.200000,4.230000,4.230000,163800
2013-03-20,4.280000,4.350000,4.230000,4.340000,4.340000,50900
2013-03-21,4.330000,4.340000,4.250000,4.280000,4.280000,70400
2013-03-22,4.310000,4.370000,4.270000,4.360000,4.360000,121700
2013-03-25,4.300000,4.450000,4.260000,4.380000,4.380000,130500
2013-03-26,4.380000,4.460000,4.240000,4.330000,4.330000,82000
2013-03-27,4.290000,4.410000,4.170000,4.350000,4.350000,162000
2013-03-28,4.360000,4.400000,4.230000,4.370000,4.370000,227200
2013-04-01,4.330000,4.670000,4.260000,4.350000,4.350000,485600
2013-04-02,4.380000,4.440000,4.200000,4.210000,4.210000,137100
2013-04-03,4.240000,4.310000,4.170000,4.200000,4.200000,133300
2013-04-04,4.200000,4.340000,4.200000,4.330000,4.330000,62100
2013-04-05,4.260000,4.390000,4.210000,4.260000,4.260000,205400
2013-04-08,4.290000,4.310000,4.220000,4.240000,4.240000,127600
2013-04-09,4.260000,4.270000,4.210000,4.230000,4.230000,77000
2013-04-10,4.280000,4.280000,4.200000,4.240000,4.240000,78400
2013-04-11,4.230000,4.260000,4.200000,4.230000,4.230000,74300
2013-04-12,4.220000,4.250000,4.200000,4.230000,4.230000,32400
2013-04-15,4.230000,4.230000,4.000000,4.060000,4.060000,209900
2013-04-16,4.140000,4.270000,4.110000,4.190000,4.190000,305200
2013-04-17,4.170000,4.200000,4.010000,4.100000,4.100000,93100
2013-04-18,4.110000,4.120000,4.010000,4.020000,4.020000,88200
2013-04-19,4.010000,4.090000,3.950000,4.090000,4.090000,121300
2013-04-22,4.080000,4.080000,3.960000,4.020000,4.020000,148000
2013-04-23,4.030000,4.080000,3.950000,4.070000,4.070000,117000
2013-04-24,4.070000,4.130000,3.990000,4.130000,4.130000,69300
2013-04-25,4.150000,4.240000,4.150000,4.180000,4.180000,129000
2013-04-26,4.180000,4.180000,4.090000,4.150000,4.150000,139600
2013-04-29,4.200000,4.300000,4.170000,4.270000,4.270000,76600
2013-04-30,4.250000,4.370000,4.190000,4.360000,4.360000,127600
2013-05-01,4.360000,4.400000,4.000000,4.000000,4.000000,205000
2013-05-02,4.000000,4.030000,3.970000,3.990000,3.990000,204500
2013-05-03,4.050000,4.050000,3.950000,3.980000,3.980000,179600
2013-05-06,3.980000,4.030000,3.810000,3.970000,3.970000,248000
2013-05-07,4.000000,4.140000,3.980000,4.130000,4.130000,54400
2013-05-08,4.130000,4.140000,4.050000,4.100000,4.100000,184200
2013-05-09,4.110000,4.110000,4.070000,4.080000,4.080000,51600
2013-05-10,4.100000,4.100000,4.000000,4.030000,4.030000,42400
2013-05-13,4.030000,4.060000,3.950000,4.030000,4.030000,63600
2013-05-14,4.020000,4.100000,3.990000,4.080000,4.080000,64200
2013-05-15,4.060000,4.060000,3.970000,4.000000,4.000000,74900
2013-05-16,3.980000,4.070000,3.940000,4.060000,4.060000,87400
2013-05-17,4.070000,4.140000,3.980000,4.000000,4.000000,315400
2013-05-20,3.980000,4.030000,3.980000,4.010000,4.010000,86000
2013-05-21,4.040000,4.040000,3.900000,3.920000,3.920000,1466900
2013-05-22,3.930000,3.990000,3.920000,3.980000,3.980000,151300
2013-05-23,3.960000,4.100000,3.900000,4.050000,4.050000,204500
2013-05-24,4.040000,4.050000,3.960000,4.000000,4.000000,175900
2013-05-28,4.050000,4.150000,4.000000,4.090000,4.090000,127000
2013-05-29,4.050000,4.100000,4.030000,4.070000,4.070000,100100
2013-05-30,4.100000,4.110000,4.010000,4.100000,4.100000,99600
2013-05-31,4.060000,4.080000,4.000000,4.010000,4.010000,187000
2013-06-03,4.030000,4.090000,3.950000,4.080000,4.080000,256800
2013-06-04,4.070000,4.080000,3.970000,4.060000,4.060000,117100
2013-06-05,4.050000,4.180000,4.000000,4.160000,4.160000,109700
2013-06-06,4.170000,4.220000,4.030000,4.080000,4.080000,101500
2013-06-07,4.120000,4.130000,3.980000,4.060000,4.060000,169900
2013-06-10,4.090000,4.140000,4.000000,4.140000,4.140000,49300
2013-06-11,4.080000,4.160000,4.070000,4.140000,4.140000,49600
2013-06-12,4.150000,4.150000,3.980000,4.010000,4.010000,297600
2013-06-13,4.020000,4.170000,4.000000,4.160000,4.160000,58900
2013-06-14,4.150000,4.200000,4.090000,4.130000,4.130000,102900
2013-06-17,4.180000,4.180000,4.060000,4.130000,4.130000,38300
2013-06-18,4.140000,4.240000,4.140000,4.200000,4.200000,94400
2013-06-19,4.190000,4.230000,4.130000,4.140000,4.140000,68500
2013-06-20,4.090000,4.130000,4.010000,4.070000,4.070000,151600
2013-06-21,4.090000,4.090000,4.010000,4.060000,4.060000,163200
2013-06-24,4.000000,4.080000,3.950000,4.000000,4.000000,158600
2013-06-25,4.000000,4.080000,3.960000,4.070000,4.070000,76300
2013-06-26,4.090000,4.150000,4.060000,4.070000,4.070000,119000
2013-06-27,4.080000,4.390000,4.080000,4.210000,4.210000,601700
2013-06-28,4.170000,4.360000,4.170000,4.310000,4.310000,1332300
2013-07-01,4.310000,4.500000,4.290000,4.490000,4.490000,315700
2013-07-02,4.490000,4.570000,4.440000,4.480000,4.480000,196500
2013-07-03,4.460000,4.550000,4.410000,4.540000,4.540000,93200
2013-07-05,4.550000,4.550000,4.440000,4.510000,4.510000,148200
2013-07-08,4.500000,4.550000,4.480000,4.530000,4.530000,121100
2013-07-09,4.570000,4.570000,4.420000,4.550000,4.550000,132400
2013-07-10,4.570000,4.620000,4.530000,4.590000,4.590000,163200
2013-07-11,4.630000,4.630000,4.570000,4.620000,4.620000,159700
2013-07-12,4.590000,4.610000,4.470000,4.570000,4.570000,160400
2013-07-15,4.560000,4.620000,4.500000,4.610000,4.610000,290900
2013-07-16,4.600000,4.670000,4.590000,4.650000,4.650000,267300
2013-07-17,4.690000,4.740000,4.630000,4.680000,4.680000,222000
2013-07-18,4.710000,4.710000,4.610000,4.690000,4.690000,132600
2013-07-19,4.660000,4.690000,4.550000,4.670000,4.670000,84700
2013-07-22,4.650000,4.710000,4.610000,4.670000,4.670000,212500
2013-07-23,4.700000,4.780000,4.670000,4.770000,4.770000,199200
2013-07-24,4.780000,4.830000,4.600000,4.750000,4.750000,152700
2013-07-25,4.730000,4.800000,4.710000,4.790000,4.790000,77900
2013-07-26,4.750000,4.790000,4.660000,4.730000,4.730000,65500
2013-07-29,4.750000,4.750000,4.690000,4.720000,4.720000,61900
2013-07-30,4.750000,4.840000,4.750000,4.760000,4.760000,85800
2013-07-31,4.770000,4.840000,4.680000,4.770000,4.770000,125300
2013-08-01,4.790000,4.830000,4.710000,4.820000,4.820000,271100
2013-08-02,4.790000,4.850000,4.780000,4.850000,4.850000,48500
2013-08-05,4.860000,4.880000,4.820000,4.840000,4.840000,166800
2013-08-06,4.800000,4.830000,4.650000,4.680000,4.680000,226900
2013-08-07,4.670000,4.770000,4.640000,4.760000,4.760000,60800
2013-08-08,4.800000,4.800000,4.700000,4.770000,4.770000,67800
2013-08-09,4.750000,4.760000,4.680000,4.720000,4.720000,82900
2013-08-12,4.670000,4.770000,4.670000,4.750000,4.750000,111300
2013-08-13,4.770000,4.940000,4.730000,4.920000,4.920000,188300
2013-08-14,4.750000,4.950000,4.740000,4.880000,4.880000,107800
2013-08-15,4.810000,5.050000,4.810000,4.880000,4.880000,127200
2013-08-16,4.860000,4.940000,4.780000,4.840000,4.840000,133800
2013-08-19,4.840000,4.960000,4.810000,4.840000,4.840000,108500
2013-08-20,4.830000,4.900000,4.800000,4.840000,4.840000,60000
2013-08-21,4.810000,4.830000,4.760000,4.770000,4.770000,76700
2013-08-22,4.770000,4.860000,4.740000,4.830000,4.830000,77900
2013-08-23,4.830000,4.880000,4.800000,4.840000,4.840000,40800
2013-08-26,4.850000,4.950000,4.850000,4.910000,4.910000,101300
2013-08-27,4.880000,4.930000,4.850000,4.860000,4.860000,95300
2013-08-28,4.870000,4.990000,4.810000,4.950000,4.950000,167700
2013-08-29,5.200000,5.540000,5.060000,5.190000,5.190000,668800
2013-08-30,5.190000,5.330000,5.180000,5.270000,5.270000,241800
2013-09-03,5.350000,5.380000,5.270000,5.340000,5.340000,387100
2013-09-04,5.340000,5.510000,5.300000,5.420000,5.420000,488800
2013-09-05,5.410000,5.540000,5.400000,5.490000,5.490000,135100
2013-09-06,5.530000,5.530000,5.340000,5.500000,5.500000,152900
2013-09-09,5.530000,5.690000,5.510000,5.680000,5.680000,280400
2013-09-10,5.690000,5.740000,5.590000,5.690000,5.690000,171500
2013-09-11,5.710000,5.720000,5.600000,5.640000,5.640000,106600
2013-09-12,5.650000,5.740000,5.560000,5.590000,5.590000,131900
2013-09-13,5.620000,5.680000,5.540000,5.620000,5.620000,259500
2013-09-16,5.650000,5.690000,5.550000,5.610000,5.610000,129500
2013-09-17,5.600000,5.680000,5.510000,5.630000,5.630000,623000
2013-09-18,5.650000,5.750000,5.610000,5.720000,5.720000,193000
2013-09-19,5.730000,5.750000,5.590000,5.660000,5.660000,168100
2013-09-20,5.660000,5.700000,5.570000,5.640000,5.640000,186900
2013-09-23,5.680000,5.680000,5.560000,5.650000,5.650000,305500
2013-09-24,5.650000,5.750000,5.620000,5.750000,5.750000,321300
2013-09-25,5.740000,5.810000,5.720000,5.760000,5.760000,188900
2013-09-26,5.780000,5.800000,5.450000,5.780000,5.780000,128700
2013-09-27,5.760000,5.800000,5.730000,5.780000,5.780000,89900
2013-09-30,5.740000,5.800000,5.600000,5.750000,5.750000,256100
2013-10-01,5.740000,5.850000,5.740000,5.840000,5.840000,318200
2013-10-02,5.820000,5.850000,5.750000,5.780000,5.780000,111900
2013-10-03,5.790000,5.790000,5.620000,5.720000,5.720000,108000
2013-10-04,5.700000,5.750000,5.670000,5.670000,5.670000,63700
2013-10-07,5.600000,5.840000,5.600000,5.770000,5.770000,206500
2013-10-08,5.790000,5.850000,5.670000,5.710000,5.710000,154000
2013-10-09,5.730000,5.770000,5.670000,5.760000,5.760000,96000
2013-10-10,5.820000,6.000000,5.800000,5.830000,5.830000,240600
2013-10-11,5.800000,6.050000,5.630000,6.030000,6.030000,127300
2013-10-14,6.000000,6.070000,5.670000,5.860000,5.860000,299100
2013-10-15,5.870000,6.000000,5.820000,5.880000,5.880000,127100
2013-10-16,5.930000,5.930000,5.800000,5.810000,5.810000,109000
2013-10-17,5.800000,5.990000,5.560000,5.990000,5.990000,73200
2013-10-18,6.030000,6.030000,5.890000,5.950000,5.950000,152000
2013-10-21,5.940000,6.020000,5.700000,5.960000,5.960000,139300
2013-10-22,5.960000,6.020000,5.900000,5.940000,5.940000,65200
2013-10-23,5.930000,5.980000,5.890000,5.960000,5.960000,137900
2013-10-24,5.980000,6.040000,5.910000,5.920000,5.920000,101100
2013-10-25,5.950000,6.040000,5.880000,5.970000,5.970000,76600
2013-10-28,5.950000,5.990000,5.870000,5.950000,5.950000,181000
2013-10-29,5.980000,6.000000,5.940000,5.990000,5.990000,59300
2013-10-30,6.000000,6.010000,5.740000,5.760000,5.760000,106200
2013-10-31,5.960000,6.000000,5.700000,5.910000,5.910000,232400
2013-11-01,5.890000,5.980000,5.780000,5.910000,5.910000,165200
2013-11-04,5.950000,6.000000,5.910000,5.940000,5.940000,154500
2013-11-05,5.930000,6.000000,5.930000,5.980000,5.980000,66200
2013-11-06,6.020000,6.030000,5.930000,5.930000,5.930000,102600
2013-11-07,5.940000,5.960000,5.770000,5.780000,5.780000,94200
2013-11-08,5.760000,5.840000,5.760000,5.790000,5.790000,79900
2013-11-11,5.760000,5.800000,5.670000,5.680000,5.680000,91300
2013-11-12,5.680000,5.710000,5.610000,5.650000,5.650000,55000
2013-11-13,5.610000,5.700000,5.540000,5.690000,5.690000,45500
2013-11-14,5.670000,5.710000,5.560000,5.610000,5.610000,56100
2013-11-15,5.600000,5.780000,5.600000,5.770000,5.770000,134500
2013-11-18,5.770000,5.800000,5.710000,5.760000,5.760000,83400
2013-11-19,5.750000,5.800000,5.650000,5.700000,5.700000,72700
2013-11-20,5.710000,5.720000,5.620000,5.640000,5.640000,27400
2013-11-21,5.680000,5.860000,5.680000,5.800000,5.800000,57000
2013-11-22,5.820000,5.900000,5.750000,5.860000,5.860000,64100
2013-11-25,5.890000,6.030000,5.810000,6.000000,6.000000,119700
2013-11-26,6.000000,6.050000,5.860000,5.920000,5.920000,128400
2013-11-27,5.940000,5.960000,5.860000,5.950000,5.950000,84600
2013-11-29,6.000000,6.000000,5.890000,5.970000,5.970000,73000
2013-12-02,5.960000,6.030000,5.820000,5.880000,5.880000,320500
2013-12-03,5.860000,5.970000,5.840000,5.950000,5.950000,124300
2013-12-04,5.930000,6.150000,5.890000,6.090000,6.090000,202700
2013-12-05,6.070000,6.070000,5.860000,5.930000,5.930000,80900
2013-12-06,5.990000,6.200000,5.870000,6.010000,6.010000,390600
2013-12-09,6.030000,6.040000,5.730000,5.860000,5.860000,99600
2013-12-10,5.840000,5.930000,5.760000,5.850000,5.850000,95900
2013-12-11,5.890000,5.890000,5.660000,5.710000,5.710000,60600
2013-12-12,5.710000,5.740000,5.620000,5.650000,5.650000,105400
2013-12-13,5.640000,5.650000,5.540000,5.540000,5.540000,151000
2013-12-16,5.540000,5.600000,5.470000,5.490000,5.490000,225200
2013-12-17,5.490000,5.560000,5.450000,5.560000,5.560000,115200
2013-12-18,5.550000,5.630000,5.510000,5.620000,5.620000,224600
2013-12-19,5.620000,5.620000,5.480000,5.510000,5.510000,85800
2013-12-20,5.540000,5.640000,5.500000,5.550000,5.550000,289100
2013-12-23,5.620000,5.680000,5.500000,5.610000,5.610000,126000
2013-12-24,5.600000,5.650000,5.520000,5.640000,5.640000,55200
2013-12-26,5.650000,5.740000,5.650000,5.740000,5.740000,44800
2013-12-27,5.740000,5.830000,5.650000,5.830000,5.830000,55500
2013-12-30,5.840000,5.880000,5.570000,5.690000,5.690000,62500
2013-12-31,5.720000,5.850000,5.690000,5.800000,5.800000,84900
2014-01-02,5.800000,5.820000,5.650000,5.810000,5.810000,79600
2014-01-03,5.860000,5.870000,5.720000,5.840000,5.840000,93700
2014-01-06,5.850000,5.890000,5.750000,5.850000,5.850000,109700
2014-01-07,5.800000,5.830000,5.660000,5.770000,5.770000,65000
2014-01-08,5.750000,5.850000,5.610000,5.640000,5.640000,129800
2014-01-09,5.640000,5.670000,5.490000,5.590000,5.590000,74300
2014-01-10,5.610000,5.610000,5.460000,5.560000,5.560000,77900
2014-01-13,5.520000,5.590000,5.410000,5.450000,5.450000,77500
2014-01-14,5.440000,5.460000,5.380000,5.440000,5.440000,66600
2014-01-15,5.430000,5.540000,5.370000,5.510000,5.510000,78500
2014-01-16,5.490000,5.540000,5.330000,5.450000,5.450000,58000
2014-01-17,5.430000,5.490000,5.270000,5.280000,5.280000,116600
2014-01-21,5.290000,5.400000,5.210000,5.350000,5.350000,61000
2014-01-22,5.330000,5.400000,5.260000,5.400000,5.400000,53200
2014-01-23,5.400000,5.400000,5.310000,5.380000,5.380000,62000
2014-01-24,5.330000,5.400000,5.270000,5.380000,5.380000,92900
2014-01-27,5.310000,5.400000,5.030000,5.290000,5.290000,129400
2014-01-28,5.310000,5.360000,5.220000,5.260000,5.260000,150500
2014-01-29,5.240000,5.290000,5.170000,5.210000,5.210000,94200
2014-01-30,5.220000,5.300000,5.200000,5.230000,5.230000,73700
2014-01-31,5.170000,5.300000,5.000000,5.130000,5.130000,199400
2014-02-03,5.000000,5.190000,4.980000,5.010000,5.010000,208900
2014-02-04,5.020000,5.130000,4.980000,5.130000,5.130000,105700
2014-02-05,5.100000,5.110000,5.000000,5.040000,5.040000,122900
2014-02-06,5.050000,5.080000,4.970000,5.010000,5.010000,127400
2014-02-07,5.010000,5.230000,5.000000,5.210000,5.210000,137900
2014-02-10,5.410000,5.770000,5.360000,5.650000,5.650000,258700
2014-02-11,5.630000,5.800000,5.570000,5.590000,5.590000,123200
2014-02-12,5.570000,5.750000,5.480000,5.490000,5.490000,92100
2014-02-13,5.460000,5.550000,5.370000,5.510000,5.510000,92100
2014-02-14,5.500000,5.540000,5.450000,5.460000,5.460000,85100
2014-02-18,5.500000,5.520000,5.430000,5.500000,5.500000,148600
2014-02-19,5.460000,5.520000,5.370000,5.470000,5.470000,88200
2014-02-20,5.450000,5.520000,5.440000,5.500000,5.500000,97700
2014-02-21,5.500000,5.530000,5.350000,5.440000,5.440000,92700
2014-02-24,5.440000,5.510000,5.400000,5.470000,5.470000,306400
2014-02-25,5.450000,5.470000,5.270000,5.330000,5.330000,84600
2014-02-26,5.360000,5.400000,5.270000,5.360000,5.360000,73600
2014-02-27,5.340000,5.370000,5.280000,5.370000,5.370000,50600
2014-02-28,5.390000,5.390000,5.290000,5.360000,5.360000,63300
2014-03-03,5.290000,5.520000,5.290000,5.490000,5.490000,136700
2014-03-04,5.500000,5.550000,5.430000,5.490000,5.490000,295900
2014-03-05,5.450000,5.530000,5.410000,5.490000,5.490000,155200
2014-03-06,5.070000,5.590000,5.070000,5.440000,5.440000,221600
2014-03-07,5.490000,5.490000,5.370000,5.390000,5.390000,79600
2014-03-10,5.380000,5.580000,5.230000,5.310000,5.310000,121700
2014-03-11,5.300000,5.300000,5.110000,5.250000,5.250000,154500
2014-03-12,5.230000,5.280000,5.130000,5.260000,5.260000,101600
2014-03-13,5.250000,5.250000,5.100000,5.120000,5.120000,101000
2014-03-14,5.100000,5.180000,5.060000,5.110000,5.110000,44200
2014-03-17,5.130000,5.170000,5.010000,5.010000,5.010000,40100
2014-03-18,5.010000,5.120000,4.990000,5.120000,5.120000,73600
2014-03-19,5.100000,5.130000,5.050000,5.070000,5.070000,60800
2014-03-20,5.080000,5.200000,5.040000,5.170000,5.170000,67400
2014-03-21,5.210000,5.360000,5.140000,5.170000,5.170000,283500
2014-03-24,5.180000,5.220000,5.000000,5.050000,5.050000,69400
2014-03-25,5.070000,5.200000,4.900000,5.140000,5.140000,47900
2014-03-26,5.190000,5.190000,4.960000,5.010000,5.010000,109000
2014-03-27,5.010000,5.070000,5.000000,5.040000,5.040000,121700
2014-03-28,5.000000,5.100000,4.900000,4.920000,4.920000,195300
2014-03-31,4.920000,5.140000,4.920000,5.110000,5.110000,120000
2014-04-01,5.090000,5.150000,4.970000,5.000000,5.000000,98700
2014-04-02,5.030000,5.180000,5.000000,5.170000,5.170000,79300
2014-04-03,5.150000,5.400000,5.010000,5.110000,5.110000,150200
2014-04-04,5.160000,5.190000,5.000000,5.060000,5.060000,100200
2014-04-07,5.020000,5.020000,4.790000,4.910000,4.910000,122600
2014-04-08,4.910000,5.150000,4.910000,5.110000,5.110000,138100
2014-04-09,5.160000,5.280000,5.110000,5.160000,5.160000,103100
2014-04-10,5.180000,5.180000,4.910000,4.940000,4.940000,111500
2014-04-11,4.910000,5.010000,4.910000,4.950000,4.950000,97300
2014-04-14,5.020000,5.060000,4.920000,5.000000,5.000000,283400
2014-04-15,4.990000,5.010000,4.880000,4.990000,4.990000,84400
2014-04-16,5.050000,5.070000,4.950000,5.060000,5.060000,59100
2014-04-17,5.020000,5.060000,4.960000,5.040000,5.040000,122900
2014-04-21,5.110000,5.110000,5.010000,5.070000,5.070000,130700
2014-04-22,5.070000,5.170000,5.000000,5.070000,5.070000,135600
2014-04-23,5.030000,5.100000,5.020000,5.050000,5.050000,112100
2014-04-24,5.050000,5.250000,4.990000,5.010000,5.010000,235200
2014-04-25,4.970000,5.040000,4.900000,4.930000,4.930000,140700
2014-04-28,4.930000,5.000000,4.800000,4.920000,4.920000,242200
2014-04-29,4.960000,5.040000,4.960000,4.990000,4.990000,127100
2014-04-30,4.980000,5.140000,4.920000,5.100000,5.100000,181800
2014-05-01,5.100000,5.130000,4.970000,5.100000,5.100000,174400
2014-05-02,5.120000,5.240000,5.100000,5.190000,5.190000,186900
2014-05-05,5.180000,5.250000,5.140000,5.210000,5.210000,148400
2014-05-06,5.210000,5.290000,5.050000,5.100000,5.100000,208100
2014-05-07,5.060000,5.210000,5.040000,5.200000,5.200000,246100
2014-05-08,5.170000,5.290000,5.120000,5.230000,5.230000,234200
2014-05-09,5.190000,5.310000,5.180000,5.280000,5.280000,104200
2014-05-12,5.290000,5.400000,5.280000,5.340000,5.340000,125500
2014-05-13,5.340000,5.440000,5.320000,5.390000,5.390000,198700
2014-05-14,5.390000,5.410000,5.300000,5.370000,5.370000,210200
2014-05-15,5.320000,5.430000,5.260000,5.310000,5.310000,170600
2014-05-16,5.290000,5.400000,5.240000,5.300000,5.300000,151000
2014-05-19,5.290000,5.340000,5.240000,5.310000,5.310000,126700
2014-05-20,5.270000,5.300000,5.180000,5.270000,5.270000,178300
2014-05-21,5.270000,5.300000,5.210000,5.230000,5.230000,103200
2014-05-22,5.230000,5.360000,5.180000,5.290000,5.290000,114500
2014-05-23,5.300000,5.420000,5.290000,5.410000,5.410000,133900
2014-05-27,5.450000,5.510000,5.310000,5.490000,5.490000,175800
2014-05-28,5.500000,5.500000,5.340000,5.470000,5.470000,156700
2014-05-29,5.500000,5.520000,5.450000,5.490000,5.490000,97000
2014-05-30,5.500000,5.550000,5.450000,5.500000,5.500000,149200
2014-06-02,5.500000,5.510000,5.350000,5.460000,5.460000,95800
2014-06-03,5.450000,5.500000,5.360000,5.450000,5.450000,115900
2014-06-04,5.460000,5.500000,5.440000,5.460000,5.460000,64400
2014-06-05,5.490000,5.500000,5.440000,5.500000,5.500000,82200
2014-06-06,5.500000,5.520000,5.450000,5.500000,5.500000,174500
2014-06-09,5.500000,5.550000,5.490000,5.520000,5.520000,129600
2014-06-10,5.520000,5.580000,5.460000,5.500000,5.500000,157400
2014-06-11,5.500000,5.520000,5.350000,5.480000,5.480000,119700
2014-06-12,5.490000,5.550000,5.410000,5.490000,5.490000,140800
2014-06-13,5.500000,5.510000,5.430000,5.490000,5.490000,75200
2014-06-16,5.490000,5.490000,5.440000,5.460000,5.460000,30500
2014-06-17,5.440000,5.490000,5.290000,5.490000,5.490000,89100
2014-06-18,5.480000,5.500000,5.440000,5.480000,5.480000,74000
2014-06-19,5.510000,5.510000,5.470000,5.480000,5.480000,44700
2014-06-20,5.500000,5.500000,5.460000,5.500000,5.500000,239400
2014-06-23,5.260000,5.420000,5.260000,5.360000,5.360000,124500
2014-06-24,5.330000,5.400000,5.140000,5.280000,5.280000,93400
2014-06-25,5.280000,5.450000,5.250000,5.300000,5.300000,287800
2014-06-26,5.250000,5.300000,5.000000,5.070000,5.070000,188900
2014-06-27,5.030000,5.150000,5.030000,5.140000,5.140000,250400
2014-06-30,5.110000,5.120000,4.900000,5.010000,5.010000,163800
2014-07-01,5.000000,5.060000,4.920000,4.990000,4.990000,210600
2014-07-02,5.000000,5.130000,4.930000,5.090000,5.090000,213100
2014-07-03,5.090000,5.160000,5.000000,5.150000,5.150000,140700
2014-07-07,5.150000,5.200000,5.080000,5.160000,5.160000,289800
2014-07-08,5.150000,5.250000,5.050000,5.160000,5.160000,198300
2014-07-09,5.170000,5.170000,5.090000,5.090000,5.090000,68400
2014-07-10,5.010000,5.160000,4.970000,5.050000,5.050000,137300
2014-07-11,5.020000,5.150000,4.630000,4.960000,4.960000,384800
2014-07-14,4.960000,5.120000,4.860000,5.060000,5.060000,327100
2014-07-15,5.060000,5.060000,4.940000,4.970000,4.970000,91200
2014-07-16,5.010000,5.060000,4.930000,5.010000,5.010000,103300
2014-07-17,4.950000,4.980000,4.860000,4.870000,4.870000,95600
2014-07-18,4.850000,4.920000,4.810000,4.900000,4.900000,79100
2014-07-21,4.850000,4.900000,4.840000,4.860000,4.860000,75600
2014-07-22,4.900000,4.970000,4.900000,4.950000,4.950000,65600
2014-07-23,4.940000,5.030000,4.930000,5.000000,5.000000,83200
2014-07-24,4.980000,5.050000,4.910000,4.990000,4.990000,142500
2014-07-25,4.940000,4.990000,4.850000,4.860000,4.860000,91100
2014-07-28,4.850000,4.870000,4.780000,4.820000,4.820000,120800
2014-07-29,4.820000,4.870000,4.790000,4.810000,4.810000,54000
2014-07-30,4.860000,4.930000,4.750000,4.800000,4.800000,43600
2014-07-31,4.740000,4.760000,4.640000,4.720000,4.720000,176400
2014-08-01,4.700000,4.740000,4.610000,4.680000,4.680000,113000
2014-08-04,4.680000,4.950000,4.670000,4.850000,4.850000,146700
2014-08-05,4.850000,4.880000,4.720000,4.830000,4.830000,111200
2014-08-06,4.820000,4.890000,4.770000,4.830000,4.830000,36500
2014-08-07,4.870000,4.890000,4.820000,4.830000,4.830000,38300
2014-08-08,4.810000,4.920000,4.720000,4.900000,4.900000,86100
2014-08-11,4.930000,4.940000,4.870000,4.900000,4.900000,50500
2014-08-12,4.860000,4.890000,4.780000,4.870000,4.870000,78300
2014-08-13,4.910000,4.910000,4.880000,4.900000,4.900000,55200
2014-08-14,4.890000,4.900000,4.860000,4.890000,4.890000,73100
2014-08-15,4.940000,4.940000,4.860000,4.920000,4.920000,64100
2014-08-18,4.950000,4.990000,4.930000,4.960000,4.960000,70900
2014-08-19,4.940000,4.970000,4.900000,4.910000,4.910000,59700
2014-08-20,4.870000,4.900000,4.790000,4.830000,4.830000,80200
2014-08-21,4.810000,4.890000,4.790000,4.870000,4.870000,72700
2014-08-22,4.880000,4.880000,4.770000,4.790000,4.790000,79200
2014-08-25,4.800000,4.840000,4.540000,4.700000,4.700000,220600
2014-08-26,4.670000,4.810000,4.500000,4.680000,4.680000,289600
2014-08-27,4.710000,4.770000,4.670000,4.750000,4.750000,75500
2014-08-28,4.600000,4.800000,4.500000,4.500000,4.500000,200000
2014-08-29,4.410000,4.530000,4.330000,4.460000,4.460000,248500
2014-09-02,4.480000,4.480000,4.330000,4.430000,4.430000,217400
2014-09-03,4.430000,4.430000,4.260000,4.260000,4.260000,134500
2014-09-04,4.290000,4.400000,4.290000,4.370000,4.370000,284600
2014-09-05,4.370000,4.420000,4.350000,4.380000,4.380000,148300
2014-09-08,4.380000,4.450000,4.320000,4.420000,4.420000,191500
2014-09-09,4.440000,4.450000,4.330000,4.380000,4.380000,118900
2014-09-10,4.370000,4.380000,4.270000,4.300000,4.300000,48500
2014-09-11,4.270000,4.290000,4.200000,4.230000,4.230000,95700
2014-09-12,4.240000,4.270000,4.130000,4.160000,4.160000,87700
2014-09-15,4.130000,4.220000,4.120000,4.150000,4.150000,124400
2014-09-16,4.150000,4.180000,4.130000,4.160000,4.160000,78200
2014-09-17,4.140000,4.210000,4.120000,4.200000,4.200000,151600
2014-09-18,4.230000,4.230000,4.110000,4.170000,4.170000,260200
2014-09-19,4.170000,4.240000,4.100000,4.150000,4.150000,265600
2014-09-22,4.120000,4.200000,4.050000,4.050000,4.050000,79400
2014-09-23,4.050000,4.090000,4.020000,4.050000,4.050000,117700
2014-09-24,4.050000,4.050000,3.940000,3.950000,3.950000,370200
2014-09-25,3.960000,4.010000,3.840000,3.850000,3.850000,213300
2014-09-26,3.850000,4.000000,3.850000,3.920000,3.920000,162700
2014-09-29,3.870000,3.930000,3.850000,3.890000,3.890000,163900
2014-09-30,3.880000,3.940000,3.840000,3.850000,3.850000,218500
2014-10-01,3.870000,3.870000,3.720000,3.750000,3.750000,253400
2014-10-02,3.750000,3.830000,3.600000,3.670000,3.670000,710300
2014-10-03,3.720000,3.790000,3.680000,3.760000,3.760000,239300
2014-10-06,3.790000,3.800000,3.670000,3.750000,3.750000,327600
2014-10-07,3.710000,3.790000,3.670000,3.780000,3.780000,513600
2014-10-08,3.760000,3.950000,3.700000,3.920000,3.920000,205400
2014-10-09,3.900000,3.900000,3.730000,3.740000,3.740000,102300
2014-10-10,3.700000,3.850000,3.670000,3.810000,3.810000,171700
2014-10-13,3.830000,3.980000,3.800000,3.960000,3.960000,360800
2014-10-14,4.000000,4.100000,3.950000,4.070000,4.070000,190700
2014-10-15,4.010000,4.160000,3.960000,4.140000,4.140000,177500
2014-10-16,4.090000,4.380000,4.070000,4.210000,4.210000,184000
2014-10-17,4.280000,4.280000,4.040000,4.170000,4.170000,207600
2014-10-20,4.140000,4.200000,4.010000,4.160000,4.160000,109300
2014-10-21,4.160000,4.280000,4.000000,4.170000,4.170000,67400
2014-10-22,4.200000,4.210000,4.100000,4.100000,4.100000,78700
2014-10-23,4.150000,4.250000,4.070000,4.180000,4.180000,58200
2014-10-24,4.200000,4.220000,4.020000,4.110000,4.110000,207400
2014-10-27,4.060000,4.100000,3.950000,3.980000,3.980000,108700
2014-10-28,4.030000,4.250000,4.030000,4.250000,4.250000,115300
2014-10-29,4.280000,4.290000,4.150000,4.260000,4.260000,113600
2014-10-30,4.260000,4.450000,4.180000,4.450000,4.450000,165600
2014-10-31,4.560000,4.560000,4.370000,4.500000,4.500000,237200
2014-11-03,4.490000,4.520000,4.340000,4.390000,4.390000,85200
2014-11-04,4.390000,4.390000,4.170000,4.260000,4.260000,128000
2014-11-05,4.290000,4.420000,4.200000,4.380000,4.380000,75500
2014-11-06,4.390000,4.390000,4.260000,4.320000,4.320000,83000
2014-11-07,4.310000,4.370000,4.020000,4.370000,4.370000,63800
2014-11-10,4.360000,4.510000,4.320000,4.400000,4.400000,53300
2014-11-11,4.380000,4.380000,4.200000,4.270000,4.270000,98000
2014-11-12,4.230000,4.370000,4.230000,4.350000,4.350000,54200
2014-11-13,4.340000,4.360000,4.270000,4.270000,4.270000,35700
2014-11-14,4.290000,4.320000,4.210000,4.240000,4.240000,191400
2014-11-17,4.220000,4.280000,4.210000,4.240000,4.240000,166400
2014-11-18,4.240000,4.290000,4.170000,4.250000,4.250000,169000
2014-11-19,4.200000,4.220000,4.110000,4.160000,4.160000,111900
2014-11-20,4.130000,4.200000,4.100000,4.140000,4.140000,120600
2014-11-21,4.220000,4.230000,4.150000,4.170000,4.170000,66300
2014-11-24,4.200000,4.250000,4.160000,4.220000,4.220000,128300
2014-11-25,4.250000,4.250000,4.110000,4.120000,4.120000,68800
2014-11-26,4.090000,4.230000,4.090000,4.180000,4.180000,34400
2014-11-28,4.160000,4.160000,3.920000,3.940000,3.940000,44700
2014-12-01,3.960000,4.010000,3.720000,3.720000,3.720000,149300
2014-12-02,3.720000,3.840000,3.720000,3.810000,3.810000,87900
2014-12-03,3.890000,3.920000,3.810000,3.820000,3.820000,517400
2014-12-04,3.820000,3.920000,3.800000,3.810000,3.810000,323000
2014-12-05,3.840000,4.260000,3.800000,3.810000,3.810000,399100
2014-12-08,3.780000,3.820000,3.710000,3.720000,3.720000,90600
2014-12-09,3.680000,3.910000,3.630000,3.910000,3.910000,70300
2014-12-10,3.890000,3.900000,3.720000,3.720000,3.720000,110100
2014-12-11,3.750000,3.880000,3.720000,3.730000,3.730000,195900
2014-12-12,3.670000,3.780000,3.670000,3.700000,3.700000,82900
2014-12-15,3.730000,3.760000,3.530000,3.550000,3.550000,139100
2014-12-16,3.560000,3.730000,3.410000,3.630000,3.630000,149600
2014-12-17,3.630000,3.920000,3.580000,3.900000,3.900000,77600
2014-12-18,3.960000,4.080000,3.790000,4.070000,4.070000,77700
2014-12-19,4.040000,4.050000,3.810000,3.980000,3.980000,169100
2014-12-22,3.990000,4.040000,3.850000,4.020000,4.020000,177700
2014-12-23,4.020000,4.060000,3.820000,3.990000,3.990000,103200
2014-12-24,4.000000,4.000000,3.890000,3.970000,3.970000,18000
2014-12-26,4.010000,4.070000,3.950000,4.020000,4.020000,56500
2014-12-29,4.030000,4.030000,3.960000,4.000000,4.000000,98500
2014-12-30,4.000000,4.040000,3.970000,4.030000,4.030000,303200
2014-12-31,4.050000,4.130000,4.040000,4.040000,4.040000,94400
2015-01-02,4.080000,4.140000,3.980000,4.120000,4.120000,47500
2015-01-05,4.100000,4.110000,3.920000,3.930000,3.930000,116100
2015-01-06,3.950000,3.990000,3.760000,3.890000,3.890000,146700
2015-01-07,3.960000,4.000000,3.840000,3.920000,3.920000,73900
2015-01-08,3.970000,4.060000,3.780000,4.040000,4.040000,226900
2015-01-09,4.010000,4.030000,3.910000,3.950000,3.950000,73100
2015-01-12,3.950000,3.950000,3.830000,3.870000,3.870000,74700
2015-01-13,3.920000,4.040000,3.750000,3.820000,3.820000,74100
2015-01-14,3.780000,3.830000,3.680000,3.770000,3.770000,101300
2015-01-15,3.800000,3.840000,3.610000,3.660000,3.660000,134900
2015-01-16,3.750000,3.930000,3.750000,3.880000,3.880000,159300
2015-01-20,3.880000,3.920000,3.800000,3.880000,3.880000,63500
2015-01-21,3.860000,3.910000,3.770000,3.840000,3.840000,95200
2015-01-22,3.880000,3.920000,3.790000,3.920000,3.920000,124700
2015-01-23,3.920000,3.960000,3.840000,3.880000,3.880000,97200
2015-01-26,3.870000,4.000000,3.760000,3.810000,3.810000,90100
2015-01-27,3.820000,3.920000,3.810000,3.850000,3.850000,92500
2015-01-28,3.870000,3.870000,3.660000,3.790000,3.790000,100100
2015-01-29,3.800000,3.890000,3.760000,3.890000,3.890000,58100
2015-01-30,3.840000,3.890000,3.790000,3.810000,3.810000,121300
2015-02-02,3.810000,3.860000,3.770000,3.850000,3.850000,75100
2015-02-03,3.880000,3.960000,3.840000,3.920000,3.920000,91800
2015-02-04,3.860000,3.970000,3.790000,3.900000,3.900000,99000
2015-02-05,3.950000,3.960000,3.900000,3.940000,3.940000,41400
2015-02-06,3.930000,4.090000,3.920000,3.980000,3.980000,96900
2015-02-09,3.990000,4.100000,3.970000,4.060000,4.060000,87900
2015-02-10,4.100000,4.190000,4.010000,4.160000,4.160000,176400
2015-02-11,4.130000,4.150000,4.080000,4.090000,4.090000,22100
2015-02-12,4.140000,4.210000,4.100000,4.180000,4.180000,21900
2015-02-13,4.160000,4.240000,4.070000,4.110000,4.110000,89600
2015-02-17,4.140000,4.270000,4.130000,4.190000,4.190000,185400
2015-02-18,4.190000,4.260000,4.150000,4.180000,4.180000,81400
2015-02-19,4.170000,4.220000,4.100000,4.190000,4.190000,120400
2015-02-20,4.210000,4.230000,4.100000,4.140000,4.140000,107100
2015-02-23,4.130000,4.200000,4.090000,4.120000,4.120000,197100
2015-02-24,4.080000,4.240000,4.080000,4.180000,4.180000,154800
2015-02-25,4.200000,4.220000,4.170000,4.190000,4.190000,255000
2015-02-26,4.200000,4.300000,4.110000,4.300000,4.300000,273500
2015-02-27,4.310000,4.410000,4.300000,4.400000,4.400000,127300
2015-03-02,4.380000,4.540000,4.380000,4.510000,4.510000,185700
2015-03-03,4.510000,4.670000,4.490000,4.650000,4.650000,241400
2015-03-04,4.610000,4.670000,4.600000,4.620000,4.620000,310000
2015-03-05,4.600000,4.720000,4.560000,4.660000,4.660000,194600
2015-03-06,4.650000,4.730000,4.630000,4.700000,4.700000,143600
2015-03-09,4.720000,4.790000,4.680000,4.750000,4.750000,226600
2015-03-10,4.640000,4.790000,4.640000,4.740000,4.740000,102200
2015-03-11,4.720000,4.810000,4.600000,4.690000,4.690000,51400
2015-03-12,4.710000,4.830000,4.690000,4.800000,4.800000,215400
2015-03-13,4.810000,4.860000,4.700000,4.830000,4.830000,129800
2015-03-16,4.850000,5.000000,4.750000,4.840000,4.840000,462900
2015-03-17,4.830000,4.980000,4.810000,4.920000,4.920000,75700
2015-03-18,4.930000,5.000000,4.870000,4.990000,4.990000,248500
2015-03-19,4.970000,5.050000,4.950000,5.040000,5.040000,169300
2015-03-20,5.050000,5.110000,4.970000,5.070000,5.070000,199300
2015-03-23,5.040000,5.130000,5.040000,5.110000,5.110000,134000
2015-03-24,5.120000,5.140000,5.100000,5.120000,5.120000,101900
2015-03-25,5.140000,5.160000,5.090000,5.100000,5.100000,151400
2015-03-26,5.110000,5.130000,5.080000,5.100000,5.100000,76400
2015-03-27,5.100000,5.250000,5.080000,5.200000,5.200000,230400
2015-03-30,5.250000,5.390000,5.160000,5.380000,5.380000,221700
2015-03-31,5.350000,5.520000,5.290000,5.500000,5.500000,215400
2015-04-01,5.450000,5.630000,5.300000,5.610000,5.610000,880700
2015-04-02,5.640000,6.030000,5.610000,6.020000,6.020000,669000
2015-04-06,6.030000,6.200000,5.700000,6.170000,6.170000,634600
2015-04-07,6.180000,6.300000,6.120000,6.250000,6.250000,687700
2015-04-08,6.280000,6.300000,5.960000,6.020000,6.020000,240900
2015-04-09,6.000000,6.050000,5.430000,5.700000,5.700000,360600
2015-04-10,5.690000,5.750000,5.560000,5.680000,5.680000,197700
2015-04-13,5.670000,5.870000,5.580000,5.860000,5.860000,255600
2015-04-14,5.880000,5.890000,5.740000,5.810000,5.810000,330700
2015-04-15,5.800000,6.060000,5.760000,6.050000,6.050000,491800
2015-04-16,6.010000,6.020000,5.850000,5.900000,5.900000,191600
2015-04-17,5.850000,6.060000,5.630000,5.700000,5.700000,324400
2015-04-20,5.700000,5.840000,5.640000,5.730000,5.730000,253600
2015-04-21,5.720000,5.940000,5.400000,5.520000,5.520000,1440000
2015-04-22,5.500000,5.520000,5.320000,5.410000,5.410000,248100
2015-04-23,5.400000,5.420000,5.250000,5.340000,5.340000,2627300
2015-04-24,5.390000,5.390000,5.340000,5.380000,5.380000,535100
2015-04-27,5.430000,5.430000,5.340000,5.380000,5.380000,199500
2015-04-28,5.390000,5.650000,5.390000,5.640000,5.640000,568400
2015-04-29,5.750000,5.750000,5.600000,5.630000,5.630000,279300
2015-04-30,5.600000,5.610000,5.370000,5.480000,5.480000,394300
2015-05-01,5.500000,5.560000,5.410000,5.450000,5.450000,236300
2015-05-04,5.450000,5.540000,5.400000,5.450000,5.450000,271000
2015-05-05,5.450000,5.540000,5.400000,5.520000,5.520000,338800
2015-05-06,5.520000,5.600000,5.410000,5.490000,5.490000,158300
2015-05-07,5.490000,5.660000,5.490000,5.520000,5.520000,195700
2015-05-08,5.580000,5.610000,5.340000,5.360000,5.360000,406900
2015-05-11,5.360000,5.470000,5.330000,5.370000,5.370000,237700
2015-05-12,5.340000,5.430000,5.230000,5.420000,5.420000,334100
2015-05-13,5.440000,5.460000,5.320000,5.370000,5.370000,83500
2015-05-14,5.880000,5.880000,5.470000,5.500000,5.500000,398600
2015-05-15,5.500000,5.980000,5.500000,5.660000,5.660000,230900
2015-05-18,5.610000,5.760000,5.560000,5.610000,5.610000,149600
2015-05-19,5.620000,5.690000,5.380000,5.390000,5.390000,359200
2015-05-20,5.390000,5.460000,5.370000,5.390000,5.390000,188000
2015-05-21,5.400000,5.420000,5.230000,5.240000,5.240000,383200
2015-05-22,5.200000,5.420000,5.110000,5.200000,5.200000,300100
2015-05-26,5.200000,5.260000,5.090000,5.160000,5.160000,339100
2015-05-27,5.150000,5.350000,5.150000,5.270000,5.270000,167100
2015-05-28,5.260000,5.400000,5.190000,5.260000,5.260000,240800
2015-05-29,5.300000,5.640000,5.270000,5.500000,5.500000,461900
2015-06-01,5.590000,5.660000,5.370000,5.500000,5.500000,259500
2015-06-02,5.500000,5.640000,5.490000,5.590000,5.590000,128000
2015-06-03,5.610000,5.710000,5.480000,5.700000,5.700000,191900
2015-06-04,5.710000,5.790000,5.680000,5.690000,5.690000,165600
2015-06-05,5.690000,5.740000,5.600000,5.640000,5.640000,211200
2015-06-08,5.640000,5.700000,5.630000,5.650000,5.650000,80700
2015-06-09,5.650000,5.710000,5.600000,5.630000,5.630000,141700
2015-06-10,5.650000,5.720000,5.610000,5.700000,5.700000,103900
2015-06-11,5.700000,5.720000,5.600000,5.650000,5.650000,72600
2015-06-12,5.650000,5.680000,5.600000,5.640000,5.640000,54400
2015-06-15,5.580000,5.630000,5.530000,5.580000,5.580000,159500
2015-06-16,5.540000,5.690000,5.520000,5.650000,5.650000,105900
2015-06-17,5.680000,5.720000,5.630000,5.690000,5.690000,102300
2015-06-18,5.690000,5.810000,5.650000,5.760000,5.760000,215000
2015-06-19,5.780000,5.780000,5.580000,5.600000,5.600000,318100
2015-06-22,5.620000,5.680000,5.600000,5.620000,5.620000,130400
2015-06-23,5.620000,5.710000,5.620000,5.670000,5.670000,53700
2015-06-24,5.630000,5.670000,5.590000,5.610000,5.610000,79600
2015-06-25,5.620000,5.770000,5.580000,5.710000,5.710000,151900
2015-06-26,5.740000,5.870000,5.700000,5.760000,5.760000,818700
2015-06-29,5.760000,5.780000,5.540000,5.600000,5.600000,95200
2015-06-30,5.600000,5.640000,5.560000,5.610000,5.610000,116000
2015-07-01,5.620000,5.640000,5.550000,5.590000,5.590000,244400
2015-07-02,5.610000,5.650000,5.550000,5.610000,5.610000,58200
2015-07-06,5.570000,5.600000,5.520000,5.600000,5.600000,95400
2015-07-07,5.570000,5.640000,5.520000,5.610000,5.610000,126400
2015-07-08,5.590000,5.650000,5.540000,5.560000,5.560000,171500
2015-07-09,5.600000,5.620000,5.500000,5.570000,5.570000,153700
2015-07-10,5.610000,5.860000,5.560000,5.780000,5.780000,151500
2015-07-13,5.830000,5.840000,5.730000,5.800000,5.800000,124000
2015-07-14,5.800000,6.000000,5.790000,5.860000,5.860000,234900
2015-07-15,5.850000,5.850000,5.620000,5.800000,5.800000,138100
2015-07-16,5.850000,5.980000,5.650000,5.960000,5.960000,124100
2015-07-17,5.990000,6.070000,5.940000,6.040000,6.040000,207000
2015-07-20,6.040000,6.050000,5.850000,5.890000,5.890000,135200
2015-07-21,5.870000,5.910000,5.740000,5.750000,5.750000,152200
2015-07-22,5.750000,5.830000,5.650000,5.710000,5.710000,138600
2015-07-23,5.740000,5.800000,5.700000,5.780000,5.780000,91100
2015-07-24,5.750000,5.970000,5.720000,5.900000,5.900000,158500
2015-07-27,5.870000,5.960000,5.830000,5.920000,5.920000,164100
2015-07-28,5.950000,6.100000,5.830000,5.990000,5.990000,255000
2015-07-29,6.010000,6.080000,5.590000,5.960000,5.960000,290000
2015-07-30,6.050000,6.250000,6.020000,6.170000,6.170000,487200
2015-07-31,6.200000,6.490000,6.170000,6.350000,6.350000,546800
2015-08-03,6.530000,6.530000,6.200000,6.300000,6.300000,268100
2015-08-04,6.270000,6.390000,6.270000,6.340000,6.340000,193200
2015-08-05,6.400000,6.460000,6.250000,6.290000,6.290000,217800
2015-08-06,6.430000,6.500000,6.380000,6.450000,6.450000,272900
2015-08-07,6.400000,6.410000,6.130000,6.160000,6.160000,144100
2015-08-10,6.150000,6.260000,6.150000,6.210000,6.210000,186000
2015-08-11,6.100000,6.170000,6.030000,6.050000,6.050000,98600
2015-08-12,6.050000,6.190000,5.950000,6.120000,6.120000,164000
2015-08-13,6.100000,6.190000,6.060000,6.120000,6.120000,226600
2015-08-14,6.090000,6.330000,6.090000,6.270000,6.270000,190500
2015-08-17,6.260000,6.510000,6.210000,6.500000,6.500000,276500
2015-08-18,6.460000,6.460000,6.340000,6.400000,6.400000,173100
2015-08-19,6.340000,6.460000,6.330000,6.420000,6.420000,115300
2015-08-20,6.380000,6.470000,6.240000,6.250000,6.250000,177700
2015-08-21,6.140000,6.330000,6.000000,6.310000,6.310000,370000
2015-08-24,5.990000,6.240000,5.550000,5.980000,5.980000,449500
2015-08-25,6.160000,6.160000,5.850000,5.900000,5.900000,130700
2015-08-26,6.040000,6.070000,5.860000,6.010000,6.010000,105900
2015-08-27,6.020000,6.150000,5.900000,6.100000,6.100000,332100
2015-08-28,6.060000,6.330000,6.060000,6.250000,6.250000,134100
2015-08-31,6.210000,6.300000,6.110000,6.160000,6.160000,76000
2015-09-01,6.020000,6.180000,5.920000,6.000000,6.000000,126200
2015-09-02,6.120000,6.320000,6.060000,6.310000,6.310000,87700
2015-09-03,6.320000,6.430000,6.180000,6.240000,6.240000,177400
2015-09-04,6.150000,6.370000,6.150000,6.300000,6.300000,59300
2015-09-08,6.430000,6.730000,6.340000,6.600000,6.600000,226800
2015-09-09,6.640000,6.680000,6.530000,6.540000,6.540000,90500
2015-09-10,6.540000,6.600000,6.410000,6.440000,6.440000,83800
2015-09-11,6.370000,6.570000,6.370000,6.540000,6.540000,50600
2015-09-14,6.620000,6.660000,6.510000,6.630000,6.630000,65600
2015-09-15,6.610000,6.750000,6.540000,6.620000,6.620000,103400
2015-09-16,6.680000,6.710000,6.590000,6.620000,6.620000,70700
2015-09-17,6.600000,6.710000,6.460000,6.630000,6.630000,126600
2015-09-18,6.510000,6.640000,6.420000,6.430000,6.430000,206100
2015-09-21,6.500000,6.500000,6.390000,6.400000,6.400000,140200
2015-09-22,6.370000,6.430000,6.160000,6.280000,6.280000,78000
2015-09-23,6.260000,6.450000,6.230000,6.250000,6.250000,121900
2015-09-24,6.240000,6.240000,6.140000,6.160000,6.160000,78500
2015-09-25,6.220000,6.220000,6.000000,6.010000,6.010000,132700
2015-09-28,6.000000,6.000000,5.780000,5.850000,5.850000,152400
2015-09-29,5.820000,5.890000,5.760000,5.790000,5.790000,156000
2015-09-30,5.850000,5.880000,5.800000,5.800000,5.800000,105500
2015-10-01,5.760000,5.830000,5.750000,5.770000,5.770000,129900
2015-10-02,5.750000,5.920000,5.670000,5.920000,5.920000,77000
2015-10-05,5.930000,6.110000,5.930000,6.100000,6.100000,94100
2015-10-06,6.050000,6.100000,5.970000,6.000000,6.000000,55300
2015-10-07,6.000000,6.100000,5.950000,6.050000,6.050000,54000
2015-10-08,6.010000,6.150000,6.010000,6.120000,6.120000,68900
2015-10-09,6.130000,6.220000,6.060000,6.120000,6.120000,73600
2015-10-12,6.090000,6.170000,6.010000,6.130000,6.130000,83500
2015-10-13,6.120000,6.200000,6.110000,6.140000,6.140000,91600
2015-10-14,6.150000,6.160000,5.970000,6.010000,6.010000,70100
2015-10-15,6.000000,6.150000,5.970000,6.070000,6.070000,60800
2015-10-16,6.090000,6.090000,5.880000,5.960000,5.960000,156600
2015-10-19,5.990000,6.160000,5.990000,6.130000,6.130000,136200
2015-10-20,6.120000,6.300000,6.120000,6.250000,6.250000,89500
2015-10-21,6.250000,6.300000,6.140000,6.160000,6.160000,49600
2015-10-22,6.180000,6.220000,6.000000,6.190000,6.190000,114400
2015-10-23,6.160000,6.260000,6.030000,6.240000,6.240000,90600
2015-10-26,6.210000,6.210000,6.050000,6.160000,6.160000,136200
2015-10-27,6.150000,6.180000,6.050000,6.160000,6.160000,218900
2015-10-28,6.200000,6.250000,6.140000,6.250000,6.250000,149600
2015-10-29,6.210000,6.220000,6.120000,6.150000,6.150000,115100
2015-10-30,6.150000,6.160000,6.040000,6.070000,6.070000,134100
2015-11-02,6.050000,6.100000,5.780000,6.020000,6.020000,183100
2015-11-03,6.060000,6.090000,6.000000,6.030000,6.030000,107400
2015-11-04,6.010000,6.070000,5.990000,6.030000,6.030000,102500
2015-11-05,6.030000,6.080000,5.990000,6.030000,6.030000,164500
2015-11-06,5.980000,6.330000,5.980000,6.330000,6.330000,129400
2015-11-09,6.300000,6.340000,6.020000,6.030000,6.030000,118700
2015-11-10,6.040000,6.170000,6.040000,6.080000,6.080000,46000
2015-11-11,6.120000,6.540000,6.110000,6.480000,6.480000,260100
2015-11-12,6.390000,6.520000,6.240000,6.250000,6.250000,110100
2015-11-13,6.250000,6.810000,6.230000,6.800000,6.800000,339300
2015-11-16,6.800000,6.940000,6.700000,6.840000,6.840000,488700
2015-11-17,6.850000,6.940000,6.730000,6.910000,6.910000,188000
2015-11-18,6.910000,7.030000,6.810000,6.980000,6.980000,217000
2015-11-19,6.950000,7.240000,6.930000,7.170000,7.170000,175600
2015-11-20,7.170000,7.190000,6.750000,6.830000,6.830000,184800
2015-11-23,6.840000,7.010000,6.750000,6.960000,6.960000,105700
2015-11-24,6.970000,6.990000,6.740000,6.800000,6.800000,130900
2015-11-25,6.800000,6.820000,6.350000,6.800000,6.800000,81600
2015-11-27,6.770000,6.790000,6.690000,6.790000,6.790000,62500
2015-11-30,6.780000,6.830000,6.740000,6.780000,6.780000,127400
2015-12-01,6.780000,6.800000,6.480000,6.770000,6.770000,81300
2015-12-02,6.770000,6.790000,6.550000,6.590000,6.590000,130100
2015-12-03,6.390000,6.660000,6.260000,6.300000,6.300000,145800
2015-12-04,6.290000,6.390000,6.250000,6.370000,6.370000,99600
2015-12-07,6.350000,6.360000,6.220000,6.260000,6.260000,143600
2015-12-08,6.230000,6.520000,6.060000,6.200000,6.200000,131300
2015-12-09,6.200000,6.270000,5.980000,6.130000,6.130000,159800
2015-12-10,6.130000,6.210000,6.100000,6.160000,6.160000,132100
2015-12-11,6.040000,6.360000,5.910000,5.920000,5.920000,217300
2015-12-14,5.950000,6.020000,5.700000,5.900000,5.900000,203000
2015-12-15,5.950000,5.970000,5.810000,5.890000,5.890000,103200
2015-12-16,5.890000,6.610000,5.810000,5.970000,5.970000,104600
2015-12-17,5.970000,6.610000,5.880000,6.040000,6.040000,148300
2015-12-18,6.000000,6.100000,5.870000,6.050000,6.050000,240900
2015-12-21,6.110000,6.250000,5.860000,6.140000,6.140000,94600
2015-12-22,6.160000,6.160000,5.950000,6.050000,6.050000,88200
2015-12-23,6.070000,6.170000,6.040000,6.150000,6.150000,99400
2015-12-24,6.120000,6.240000,6.010000,6.080000,6.080000,29700
2015-12-28,6.010000,6.150000,5.990000,6.040000,6.040000,75500
2015-12-29,6.070000,6.180000,6.010000,6.050000,6.050000,94100
2015-12-30,6.050000,6.170000,5.970000,6.050000,6.050000,61400
2015-12-31,6.050000,6.140000,5.980000,5.980000,5.980000,89400
2016-01-04,5.900000,5.940000,5.730000,5.790000,5.790000,187000
2016-01-05,5.830000,6.140000,5.770000,5.800000,5.800000,46600
2016-01-06,5.700000,5.930000,5.700000,5.860000,5.860000,90100
2016-01-07,5.740000,5.880000,5.740000,5.740000,5.740000,92900
2016-01-08,5.770000,5.840000,5.580000,5.600000,5.600000,126900
2016-01-11,5.590000,5.660000,5.530000,5.620000,5.620000,110700
2016-01-12,5.660000,5.680000,5.540000,5.600000,5.600000,87600
2016-01-13,5.630000,5.680000,5.510000,5.560000,5.560000,121500
2016-01-14,5.610000,5.760000,5.540000,5.710000,5.710000,233300
2016-01-15,5.560000,5.760000,5.300000,5.430000,5.430000,178500
2016-01-19,5.500000,5.680000,5.250000,5.380000,5.380000,348400
2016-01-20,5.310000,5.630000,5.230000,5.410000,5.410000,289000
2016-01-21,5.390000,5.560000,5.350000,5.480000,5.480000,225200
2016-01-22,5.540000,5.620000,5.480000,5.620000,5.620000,116500
2016-01-25,5.590000,5.750000,5.580000,5.650000,5.650000,81300
2016-01-26,6.140000,6.140000,5.730000,5.940000,5.940000,240800
2016-01-27,5.940000,5.940000,5.700000,5.760000,5.760000,96200
2016-01-28,5.800000,6.000000,5.760000,5.930000,5.930000,94300
2016-01-29,5.940000,5.980000,5.820000,5.950000,5.950000,154800
2016-02-01,5.880000,5.890000,5.700000,5.750000,5.750000,54900
2016-02-02,5.670000,5.770000,5.600000,5.680000,5.680000,109900
2016-02-03,5.570000,5.770000,5.500000,5.570000,5.570000,105100
2016-02-04,5.540000,5.580000,5.470000,5.500000,5.500000,85700
2016-02-05,5.540000,5.540000,5.160000,5.170000,5.170000,162700
2016-02-08,5.090000,5.400000,4.970000,5.350000,5.350000,133300
2016-02-09,5.270000,5.870000,5.270000,5.720000,5.720000,217200
2016-02-10,5.700000,5.830000,5.510000,5.620000,5.620000,126000
2016-02-11,5.510000,5.760000,5.410000,5.420000,5.420000,804200
2016-02-12,5.490000,5.700000,5.430000,5.660000,5.660000,106400
2016-02-16,5.700000,5.790000,5.550000,5.760000,5.760000,88400
2016-02-17,5.790000,5.940000,5.700000,5.840000,5.840000,135000
2016-02-18,5.830000,6.140000,5.270000,6.120000,6.120000,147100
2016-02-19,6.110000,6.110000,5.800000,5.830000,5.830000,115200
2016-02-22,5.860000,5.890000,5.550000,5.590000,5.590000,92100
2016-02-23,5.590000,5.690000,5.490000,5.540000,5.540000,83600
2016-02-24,5.460000,5.580000,5.340000,5.580000,5.580000,91400
2016-02-25,5.560000,5.760000,5.500000,5.700000,5.700000,75400
2016-02-26,5.690000,5.930000,5.690000,5.870000,5.870000,108400
2016-02-29,5.860000,5.960000,5.660000,5.930000,5.930000,187500
2016-03-01,5.950000,6.330000,5.900000,6.320000,6.320000,156500
2016-03-02,5.670000,6.260000,5.670000,6.080000,6.080000,192700
2016-03-03,6.100000,6.590000,6.100000,6.580000,6.580000,192800
2016-03-04,6.480000,6.770000,6.260000,6.700000,6.700000,259200
2016-03-07,6.700000,6.940000,6.700000,6.880000,6.880000,192700
2016-03-08,6.850000,6.980000,6.790000,6.810000,6.810000,101000
2016-03-09,6.830000,6.890000,6.670000,6.800000,6.800000,113100
2016-03-10,6.810000,6.870000,6.570000,6.680000,6.680000,63000
2016-03-11,6.730000,6.830000,6.560000,6.810000,6.810000,145600
2016-03-14,6.810000,6.820000,6.580000,6.630000,6.630000,115400
2016-03-15,6.570000,6.670000,6.450000,6.510000,6.510000,62100
2016-03-16,6.470000,6.580000,6.460000,6.530000,6.530000,77300
2016-03-17,6.560000,6.560000,6.350000,6.470000,6.470000,133200
2016-03-18,6.520000,6.950000,6.400000,6.800000,6.800000,225700
2016-03-21,6.760000,6.890000,6.700000,6.850000,6.850000,155900
2016-03-22,6.800000,6.900000,6.580000,6.840000,6.840000,135700
2016-03-23,6.750000,6.900000,6.700000,6.760000,6.760000,83500
2016-03-24,6.740000,6.860000,6.640000,6.830000,6.830000,77600
2016-03-28,6.830000,6.850000,6.620000,6.690000,6.690000,46100
2016-03-29,6.640000,6.850000,6.570000,6.830000,6.830000,173700
2016-03-30,6.900000,6.940000,6.670000,6.710000,6.710000,106100
2016-03-31,6.780000,6.780000,6.610000,6.700000,6.700000,139600
2016-04-01,6.640000,6.840000,6.560000,6.800000,6.800000,148600
2016-04-04,6.790000,6.850000,6.490000,6.500000,6.500000,102400
2016-04-05,6.450000,6.650000,6.310000,6.600000,6.600000,123200
2016-04-06,6.630000,6.630000,6.410000,6.540000,6.540000,73600
2016-04-07,6.480000,6.550000,6.410000,6.510000,6.510000,75400
2016-04-08,6.540000,6.600000,6.360000,6.560000,6.560000,88300
2016-04-11,6.580000,6.670000,6.510000,6.560000,6.560000,140200
2016-04-12,6.550000,6.670000,6.460000,6.580000,6.580000,82800
2016-04-13,6.620000,6.680000,6.450000,6.660000,6.660000,86800
2016-04-14,6.660000,6.760000,6.420000,6.720000,6.720000,83800
2016-04-15,6.670000,6.930000,6.610000,6.910000,6.910000,125300
2016-04-18,6.910000,7.180000,6.710000,7.130000,7.130000,161600
2016-04-19,7.090000,7.150000,6.990000,7.150000,7.150000,69000
2016-04-20,7.170000,7.300000,6.980000,7.230000,7.230000,72600
2016-04-21,7.280000,7.280000,7.020000,7.070000,7.070000,64600
2016-04-22,7.090000,7.410000,7.090000,7.130000,7.130000,38300
2016-04-25,7.100000,7.160000,6.830000,6.890000,6.890000,64100
2016-04-26,6.960000,7.080000,6.940000,6.970000,6.970000,84100
2016-04-27,6.990000,7.230000,6.980000,7.080000,7.080000,108100
2016-04-28,7.060000,7.280000,7.060000,7.160000,7.160000,188000
2016-04-29,7.110000,7.200000,7.090000,7.160000,7.160000,60600
2016-05-02,7.180000,7.190000,7.020000,7.100000,7.100000,94000
2016-05-03,7.050000,7.190000,6.970000,7.120000,7.120000,75800
2016-05-04,7.100000,7.320000,7.060000,7.170000,7.170000,185900
2016-05-05,7.250000,7.620000,7.150000,7.150000,7.150000,268400
2016-05-06,7.080000,7.290000,7.060000,7.150000,7.150000,72900
2016-05-09,7.370000,7.750000,7.270000,7.370000,7.370000,268100
2016-05-10,7.540000,7.610000,7.450000,7.450000,7.450000,323200
2016-05-11,7.450000,7.600000,7.160000,7.380000,7.380000,172200
2016-05-12,7.360000,7.410000,7.030000,7.140000,7.140000,179000
2016-05-13,7.140000,7.600000,7.050000,7.070000,7.070000,98500
2016-05-16,7.110000,7.150000,7.010000,7.030000,7.030000,121100
2016-05-17,7.040000,7.060000,6.750000,6.790000,6.790000,132600
2016-05-18,6.740000,7.110000,6.690000,6.980000,6.980000,191400
2016-05-19,6.930000,7.030000,6.800000,6.890000,6.890000,75500
2016-05-20,6.940000,7.050000,6.730000,7.000000,7.000000,128900
2016-05-23,7.020000,7.070000,6.820000,6.850000,6.850000,83600
2016-05-24,6.880000,7.180000,6.880000,7.100000,7.100000,109700
2016-05-25,7.100000,7.170000,6.980000,7.040000,7.040000,104700
2016-05-26,7.030000,7.120000,6.920000,7.080000,7.080000,69800
2016-05-27,7.070000,7.200000,7.070000,7.170000,7.170000,61500
2016-05-31,7.170000,7.280000,7.070000,7.180000,7.180000,81500
2016-06-01,7.170000,7.360000,6.640000,7.170000,7.170000,111100
2016-06-02,7.310000,7.310000,7.080000,7.160000,7.160000,86000
2016-06-03,7.180000,7.210000,7.030000,7.170000,7.170000,85100
2016-06-06,7.170000,7.380000,7.170000,7.370000,7.370000,99300
2016-06-07,7.420000,7.550000,7.320000,7.420000,7.420000,214600
2016-06-08,7.390000,7.660000,7.280000,7.620000,7.620000,310500
2016-06-09,7.550000,7.660000,7.480000,7.590000,7.590000,103300
2016-06-10,7.560000,7.560000,7.420000,7.470000,7.470000,59000
2016-06-13,7.440000,7.490000,7.330000,7.400000,7.400000,60500
2016-06-14,7.380000,7.540000,7.210000,7.510000,7.510000,74600
2016-06-15,7.550000,7.700000,7.350000,7.530000,7.530000,85300
2016-06-16,7.450000,7.700000,7.380000,7.640000,7.640000,134400
2016-06-17,7.610000,7.720000,7.490000,7.510000,7.510000,269500
2016-06-20,7.640000,7.860000,7.590000,7.810000,7.810000,164700
2016-06-21,7.810000,7.900000,7.750000,7.800000,7.800000,90900
2016-06-22,7.830000,7.830000,7.630000,7.650000,7.650000,49300
2016-06-23,7.730000,7.880000,7.660000,7.800000,7.800000,98300
2016-06-24,7.420000,7.660000,7.380000,7.610000,7.610000,376600
2016-06-27,7.580000,7.630000,7.430000,7.540000,7.540000,109000
2016-06-28,7.600000,7.700000,7.500000,7.540000,7.540000,100600
2016-06-29,7.630000,7.690000,7.520000,7.610000,7.610000,108700
2016-06-30,7.580000,7.850000,7.540000,7.850000,7.850000,122500
2016-07-01,7.900000,7.930000,7.850000,7.890000,7.890000,108100
2016-07-05,7.840000,7.930000,7.770000,7.890000,7.890000,218900
2016-07-06,7.850000,7.890000,7.760000,7.850000,7.850000,110800
2016-07-07,7.880000,8.250000,7.790000,8.190000,8.190000,379900
2016-07-08,8.250000,8.390000,8.100000,8.230000,8.230000,299700
2016-07-11,8.250000,8.500000,8.250000,8.430000,8.430000,290000
2016-07-12,8.520000,8.740000,8.480000,8.710000,8.710000,358500
2016-07-13,8.770000,8.960000,8.710000,8.890000,8.890000,601500
2016-07-14,9.000000,9.130000,8.960000,8.970000,8.970000,595300
2016-07-15,9.050000,9.220000,8.980000,9.120000,9.120000,478700
2016-07-18,9.450000,9.460000,9.080000,9.100000,9.100000,476800
2016-07-19,9.140000,9.200000,9.020000,9.040000,9.040000,364500
2016-07-20,9.050000,9.240000,9.020000,9.180000,9.180000,243600
2016-07-21,9.180000,9.200000,9.020000,9.020000,9.020000,206400
2016-07-22,9.050000,9.110000,8.950000,9.030000,9.030000,384300
2016-07-25,8.950000,9.000000,8.710000,8.830000,8.830000,373000
2016-07-26,8.860000,9.030000,8.630000,8.990000,8.990000,312500
2016-07-27,9.060000,9.170000,8.840000,8.970000,8.970000,208500
2016-07-28,9.010000,9.040000,8.850000,8.850000,8.850000,176100
2016-07-29,9.140000,9.430000,8.880000,9.360000,9.360000,316000
2016-08-01,9.360000,9.570000,9.360000,9.460000,9.460000,550300
2016-08-02,9.400000,9.500000,9.250000,9.460000,9.460000,325300
2016-08-03,9.490000,9.530000,9.390000,9.440000,9.440000,327500
2016-08-04,9.410000,9.490000,9.230000,9.240000,9.240000,191200
2016-08-05,9.250000,9.450000,9.190000,9.250000,9.250000,187100
2016-08-08,9.210000,9.370000,9.200000,9.260000,9.260000,192600
2016-08-09,9.290000,9.430000,9.210000,9.290000,9.290000,115300
2016-08-10,9.310000,9.340000,9.200000,9.290000,9.290000,152900
2016-08-11,9.300000,9.390000,9.260000,9.340000,9.340000,231500
2016-08-12,9.300000,9.520000,9.290000,9.450000,9.450000,246900
2016-08-15,9.450000,9.480000,9.310000,9.390000,9.390000,174500
2016-08-16,9.390000,9.410000,9.310000,9.370000,9.370000,192600
2016-08-17,9.390000,9.400000,9.270000,9.300000,9.300000,325700
2016-08-18,9.310000,9.370000,9.180000,9.300000,9.300000,180400
2016-08-19,9.260000,9.330000,9.220000,9.270000,9.270000,101700
2016-08-22,9.270000,9.270000,9.040000,9.260000,9.260000,118900
2016-08-23,9.300000,9.300000,9.260000,9.290000,9.290000,87200
2016-08-24,9.300000,9.320000,9.150000,9.160000,9.160000,113300
2016-08-25,9.160000,9.310000,9.110000,9.240000,9.240000,147300
2016-08-26,9.240000,9.300000,9.160000,9.210000,9.210000,112400
2016-08-29,9.210000,9.260000,9.070000,9.200000,9.200000,110000
2016-08-30,9.130000,9.250000,9.130000,9.190000,9.190000,97200
2016-08-31,9.200000,9.230000,8.900000,9.090000,9.090000,186900
2016-09-01,9.070000,9.070000,8.920000,9.010000,9.010000,106800
2016-09-02,9.040000,9.200000,9.010000,9.110000,9.110000,102800
2016-09-06,9.070000,9.130000,8.920000,9.090000,9.090000,141800
2016-09-07,9.090000,9.190000,9.010000,9.140000,9.140000,170700
2016-09-08,9.100000,9.220000,9.090000,9.170000,9.170000,211800
2016-09-09,9.120000,9.140000,8.980000,8.980000,8.980000,90400
2016-09-12,8.890000,9.080000,8.780000,9.050000,9.050000,83200
2016-09-13,8.950000,9.010000,8.750000,8.840000,8.840000,143600
2016-09-14,8.890000,8.900000,8.760000,8.800000,8.800000,258000
2016-09-15,8.800000,9.080000,8.800000,8.970000,8.970000,88900
2016-09-16,9.000000,9.030000,8.830000,8.910000,8.910000,238700
2016-09-19,8.920000,9.000000,8.850000,8.960000,8.960000,97800
2016-09-20,9.000000,9.000000,8.900000,8.900000,8.900000,50200
2016-09-21,8.930000,9.020000,8.870000,9.000000,9.000000,111300
2016-09-22,9.000000,9.080000,8.970000,9.050000,9.050000,289000
2016-09-23,9.050000,9.090000,8.980000,9.040000,9.040000,167600
2016-09-26,9.100000,10.040000,9.050000,10.010000,10.010000,523600
2016-09-27,10.160000,10.390000,10.050000,10.290000,10.290000,426000
2016-09-28,10.370000,10.370000,10.180000,10.290000,10.290000,241000
2016-09-29,10.270000,10.340000,10.160000,10.170000,10.170000,224900
2016-09-30,10.250000,10.340000,10.160000,10.300000,10.300000,492100
2016-10-03,10.330000,10.710000,10.280000,10.630000,10.630000,306700
2016-10-04,10.680000,10.700000,10.350000,10.450000,10.450000,220100
2016-10-05,10.380000,10.530000,10.360000,10.370000,10.370000,101700
2016-10-06,10.480000,10.510000,10.340000,10.500000,10.500000,131000
2016-10-07,10.500000,10.510000,10.310000,10.450000,10.450000,293800
2016-10-10,10.590000,10.890000,10.550000,10.760000,10.760000,274900
2016-10-11,10.820000,10.850000,10.690000,10.750000,10.750000,170200
2016-10-12,10.810000,10.880000,10.620000,10.800000,10.800000,265300
2016-10-13,10.780000,10.790000,10.460000,10.540000,10.540000,189200
2016-10-14,10.600000,10.670000,10.440000,10.550000,10.550000,124900
2016-10-17,10.620000,10.920000,10.520000,10.800000,10.800000,269200
2016-10-18,10.950000,11.050000,10.840000,11.030000,11.030000,266200
2016-10-19,11.010000,11.040000,10.900000,10.940000,10.940000,210600
2016-10-20,10.970000,11.160000,10.910000,11.080000,11.080000,230500
2016-10-21,10.960000,11.130000,10.860000,10.920000,10.920000,187300
2016-10-24,11.240000,11.330000,11.000000,11.240000,11.240000,481700
2016-10-25,11.280000,11.290000,11.080000,11.220000,11.220000,267000
2016-10-26,11.170000,11.350000,11.110000,11.230000,11.230000,266900
2016-10-27,11.220000,11.410000,10.810000,10.950000,10.950000,334400
2016-10-28,10.920000,11.140000,10.820000,10.960000,10.960000,223900
2016-10-31,10.830000,11.300000,10.820000,11.200000,11.200000,306500
2016-11-01,11.290000,11.290000,10.830000,10.830000,10.830000,276100
2016-11-02,10.860000,10.970000,10.680000,10.700000,10.700000,216500
2016-11-03,10.700000,10.930000,10.650000,10.850000,10.850000,274000
2016-11-04,11.320000,11.420000,10.710000,11.030000,11.030000,462700
2016-11-07,11.260000,11.550000,11.220000,11.360000,11.360000,550600
2016-11-08,11.300000,11.510000,11.130000,11.350000,11.350000,230100
2016-11-09,11.220000,11.510000,11.000000,11.400000,11.400000,410000
2016-11-10,11.490000,11.880000,11.300000,11.680000,11.680000,439500
2016-11-11,11.660000,12.130000,11.660000,11.920000,11.920000,418500
2016-11-14,12.000000,12.010000,11.860000,11.890000,11.890000,276800
2016-11-15,11.920000,12.070000,11.870000,12.060000,12.060000,297200
2016-11-16,12.000000,12.240000,11.860000,12.220000,12.220000,179900
2016-11-17,12.300000,12.490000,12.290000,12.480000,12.480000,187700
2016-11-18,12.470000,12.640000,12.410000,12.600000,12.600000,255400
2016-11-21,12.600000,12.640000,12.490000,12.580000,12.580000,174800
2016-11-22,12.580000,12.720000,12.550000,12.590000,12.590000,168000
2016-11-23,12.610000,12.750000,12.550000,12.680000,12.680000,192200
2016-11-25,12.660000,12.850000,12.660000,12.770000,12.770000,69600
2016-11-28,12.700000,12.750000,12.290000,12.430000,12.430000,252500
2016-11-29,12.430000,12.610000,12.060000,12.410000,12.410000,168100
2016-11-30,12.430000,12.700000,12.320000,12.660000,12.660000,454200
2016-12-01,12.610000,12.730000,12.340000,12.470000,12.470000,257000
2016-12-02,12.460000,12.960000,12.430000,12.850000,12.850000,320500
2016-12-05,13.000000,13.000000,12.460000,12.750000,12.750000,251900
2016-12-06,12.740000,12.860000,12.520000,12.770000,12.770000,150600
2016-12-07,12.760000,12.970000,12.470000,12.690000,12.690000,159000
2016-12-08,12.780000,13.410000,12.710000,13.190000,13.190000,492800
2016-12-09,12.880000,12.980000,12.290000,12.400000,12.400000,453900
2016-12-12,12.400000,12.650000,12.260000,12.420000,12.420000,256800
2016-12-13,12.390000,12.640000,12.360000,12.400000,12.400000,116500
2016-12-14,12.300000,12.460000,12.180000,12.190000,12.190000,141700
2016-12-15,12.180000,12.610000,12.150000,12.400000,12.400000,204000
2016-12-16,12.460000,12.560000,12.200000,12.240000,12.240000,350800
2016-12-19,12.280000,12.450000,12.130000,12.260000,12.260000,156500
2016-12-20,12.380000,12.450000,12.310000,12.350000,12.350000,172900
2016-12-21,12.290000,12.610000,12.250000,12.400000,12.400000,192200
2016-12-22,12.400000,12.690000,12.370000,12.540000,12.540000,186500
2016-12-23,12.570000,12.620000,12.390000,12.500000,12.500000,82000
2016-12-27,12.520000,12.570000,12.270000,12.370000,12.370000,116300
2016-12-28,12.370000,12.410000,12.170000,12.270000,12.270000,99600
2016-12-29,12.270000,12.500000,12.150000,12.360000,12.360000,210300
2016-12-30,12.430000,12.750000,12.230000,12.410000,12.410000,188300
2017-01-03,12.550000,12.860000,12.420000,12.700000,12.700000,467800
2017-01-04,12.680000,12.910000,12.620000,12.790000,12.790000,153300
2017-01-05,12.760000,12.880000,12.690000,12.790000,12.790000,169500
2017-01-06,12.760000,12.840000,12.630000,12.710000,12.710000,156000
2017-01-09,12.750000,12.860000,12.630000,12.680000,12.680000,156400
2017-01-10,12.700000,12.880000,12.620000,12.800000,12.800000,133200
2017-01-11,12.800000,12.920000,12.720000,12.750000,12.750000,182500
2017-01-12,12.750000,12.860000,12.680000,12.760000,12.760000,124600
2017-01-13,12.770000,12.990000,12.770000,12.920000,12.920000,165100
2017-01-17,12.920000,12.950000,12.740000,12.740000,12.740000,155500
2017-01-18,12.760000,12.850000,12.670000,12.700000,12.700000,168700
2017-01-19,12.680000,12.680000,12.230000,12.280000,12.280000,176600
2017-01-20,12.270000,12.500000,12.270000,12.370000,12.370000,116100
2017-01-23,12.390000,12.440000,12.220000,12.290000,12.290000,78200
2017-01-24,12.310000,12.390000,12.120000,12.330000,12.330000,206800
2017-01-25,12.400000,12.500000,12.260000,12.290000,12.290000,177600
2017-01-26,12.220000,12.340000,12.040000,12.080000,12.080000,156800
2017-01-27,12.040000,12.100000,11.740000,11.860000,11.860000,248700
2017-01-30,11.820000,11.920000,11.550000,11.570000,11.570000,303600
2017-01-31,11.500000,11.700000,11.500000,11.560000,11.560000,217700
2017-02-01,11.560000,11.700000,11.420000,11.450000,11.450000,173900
2017-02-02,11.400000,11.530000,11.290000,11.420000,11.420000,122800
2017-02-03,11.430000,11.600000,11.430000,11.530000,11.530000,212600
2017-02-06,11.530000,11.720000,11.250000,11.280000,11.280000,185200
2017-02-07,11.350000,11.610000,11.200000,11.450000,11.450000,205000
2017-02-08,11.370000,11.440000,11.150000,11.320000,11.320000,124800
2017-02-09,11.330000,11.500000,11.220000,11.460000,11.460000,191900
2017-02-10,11.450000,11.770000,11.400000,11.660000,11.660000,144500
2017-02-13,11.670000,11.770000,11.470000,11.500000,11.500000,113400
2017-02-14,11.550000,11.640000,11.330000,11.360000,11.360000,145200
2017-02-15,11.380000,11.450000,11.300000,11.370000,11.370000,154400
2017-02-16,11.400000,11.420000,11.160000,11.200000,11.200000,268200
2017-02-17,11.220000,11.490000,11.200000,11.380000,11.380000,366200
2017-02-21,11.450000,12.190000,11.420000,11.980000,11.980000,294300
2017-02-22,11.980000,12.060000,11.800000,11.980000,11.980000,148800
2017-02-23,12.000000,12.020000,11.890000,11.930000,11.930000,164900
2017-02-24,11.800000,11.890000,11.630000,11.670000,11.670000,202000
2017-02-27,11.710000,12.000000,11.650000,11.790000,11.790000,182700
2017-02-28,11.720000,11.890000,11.580000,11.680000,11.680000,192600
2017-03-01,11.840000,12.110000,11.480000,12.110000,12.110000,318400
2017-03-02,12.370000,13.200000,12.210000,12.870000,12.870000,812800
2017-03-03,13.060000,13.220000,12.780000,13.040000,13.040000,313700
2017-03-06,12.870000,13.110000,12.690000,13.090000,13.090000,356000
2017-03-07,13.020000,13.360000,13.020000,13.330000,13.330000,289800
2017-03-08,13.340000,13.420000,12.860000,12.870000,12.870000,382400
2017-03-09,12.830000,12.900000,12.670000,12.680000,12.680000,187300
2017-03-10,12.820000,12.850000,12.440000,12.670000,12.670000,157200
2017-03-13,12.660000,12.880000,12.410000,12.590000,12.590000,139600
2017-03-14,12.590000,12.590000,12.300000,12.440000,12.440000,237000
2017-03-15,12.380000,12.700000,12.380000,12.640000,12.640000,174900
2017-03-16,12.730000,12.960000,12.500000,12.670000,12.670000,212200
2017-03-17,12.590000,12.880000,12.590000,12.770000,12.770000,327200
2017-03-20,12.790000,12.800000,12.490000,12.660000,12.660000,167900
2017-03-21,12.690000,12.720000,12.430000,12.570000,12.570000,319100
2017-03-22,12.510000,12.870000,12.250000,12.830000,12.830000,562600
2017-03-23,12.930000,13.910000,12.860000,13.880000,13.880000,940200
2017-03-24,13.900000,14.000000,13.650000,13.760000,13.760000,342600
2017-03-27,13.610000,13.840000,13.330000,13.780000,13.780000,373100
2017-03-28,13.720000,14.230000,13.620000,13.990000,13.990000,443800
2017-03-29,13.920000,14.200000,13.790000,13.810000,13.810000,367100
2017-03-30,13.850000,14.010000,13.800000,13.940000,13.940000,324600
2017-03-31,13.980000,14.170000,13.860000,14.110000,14.110000,457900
2017-04-03,14.070000,14.120000,13.890000,13.900000,13.900000,318900
2017-04-04,13.850000,13.950000,13.850000,13.950000,13.950000,223200
2017-04-05,14.020000,14.280000,13.960000,14.060000,14.060000,312400
2017-04-06,14.030000,14.190000,13.900000,14.150000,14.150000,508200
2017-04-07,14.020000,14.150000,13.960000,14.030000,14.030000,232000
2017-04-10,14.030000,14.110000,13.720000,13.850000,13.850000,252200
2017-04-11,13.820000,14.100000,13.710000,14.080000,14.080000,147200
2017-04-12,14.060000,14.100000,13.890000,14.020000,14.020000,204600
2017-04-13,13.990000,14.100000,13.770000,13.910000,13.910000,181300
2017-04-17,13.990000,14.120000,13.920000,14.100000,14.100000,152500
2017-04-18,14.070000,14.200000,13.960000,14.150000,14.150000,125000
2017-04-19,14.140000,14.340000,14.090000,14.180000,14.180000,114500
2017-04-20,14.210000,14.390000,14.120000,14.350000,14.350000,150800
2017-04-21,14.310000,14.560000,14.200000,14.370000,14.370000,217600
2017-04-24,14.580000,14.880000,14.500000,14.720000,14.720000,278200
2017-04-25,14.780000,14.910000,14.630000,14.660000,14.660000,279600
2017-04-26,14.620000,14.670000,14.500000,14.510000,14.510000,231900
2017-04-27,14.520000,14.680000,14.470000,14.570000,14.570000,278800
2017-04-28,14.640000,15.130000,14.540000,15.050000,15.050000,381100
2017-05-01,15.170000,15.390000,15.050000,15.380000,15.380000,253400
2017-05-02,15.450000,15.480000,15.240000,15.340000,15.340000,164100
2017-05-03,15.250000,15.260000,14.450000,14.950000,14.950000,294600
2017-05-04,15.110000,15.460000,14.740000,14.910000,14.910000,233500
2017-05-05,15.210000,15.850000,14.740000,14.860000,14.860000,279600
2017-05-08,14.960000,15.100000,14.720000,14.890000,14.890000,228500
2017-05-09,14.890000,15.040000,14.690000,14.780000,14.780000,218900
2017-05-10,14.800000,14.800000,14.520000,14.660000,14.660000,169700
2017-05-11,14.690000,14.690000,14.460000,14.570000,14.570000,232800
2017-05-12,14.530000,14.550000,14.120000,14.170000,14.170000,194900
2017-05-15,14.190000,14.350000,14.020000,14.090000,14.090000,153600
2017-05-16,14.040000,14.160000,13.750000,14.050000,14.050000,328100
2017-05-17,13.900000,13.950000,13.550000,13.560000,13.560000,258600
2017-05-18,13.590000,13.890000,13.320000,13.860000,13.860000,291900
2017-05-19,13.860000,13.910000,13.670000,13.740000,13.740000,191800
2017-05-22,13.740000,13.840000,13.510000,13.610000,13.610000,121700
2017-05-23,13.620000,13.850000,13.530000,13.760000,13.760000,110700
2017-05-24,13.800000,14.040000,13.690000,13.720000,13.720000,189200
2017-05-25,13.720000,13.830000,13.540000,13.620000,13.620000,129200
2017-05-26,13.630000,13.930000,13.630000,13.910000,13.910000,191500
2017-05-30,13.810000,13.840000,13.560000,13.770000,13.770000,115100
2017-05-31,13.800000,14.050000,13.490000,14.020000,14.020000,279100
2017-06-01,14.090000,14.650000,14.030000,14.640000,14.640000,334700
2017-06-02,14.600000,14.850000,14.590000,14.710000,14.710000,407100
2017-06-05,14.610000,14.850000,14.560000,14.650000,14.650000,179200
2017-06-06,14.510000,14.800000,14.390000,14.700000,14.700000,338400
2017-06-07,14.700000,15.000000,14.550000,14.990000,14.990000,784100
2017-06-08,15.000000,15.760000,14.990000,15.700000,15.700000,315000
2017-06-09,15.650000,16.059999,15.480000,15.760000,15.760000,402600
2017-06-12,15.780000,16.389999,15.540000,15.730000,15.730000,242000
2017-06-13,15.850000,16.080000,15.620000,15.720000,15.720000,164100
2017-06-14,15.720000,15.730000,15.530000,15.710000,15.710000,224500
2017-06-15,15.500000,15.970000,15.500000,15.890000,15.890000,184100
2017-06-16,15.740000,16.020000,15.640000,15.780000,15.780000,431100
2017-06-19,15.890000,16.040001,15.810000,16.010000,16.010000,141000
2017-06-20,16.049999,16.150000,15.860000,15.860000,15.860000,200300
2017-06-21,15.940000,16.010000,15.760000,15.810000,15.810000,199000
2017-06-22,15.800000,15.950000,15.520000,15.700000,15.700000,185500
2017-06-23,15.880000,16.209999,15.780000,16.129999,16.129999,769500
2017-06-26,16.209999,16.600000,16.000000,16.549999,16.549999,495200
2017-06-27,16.549999,16.730000,16.250000,16.520000,16.520000,254700
2017-06-28,16.680000,16.950001,16.430000,16.620001,16.620001,246600
2017-06-29,16.639999,16.770000,16.270000,16.690001,16.690001,260400
2017-06-30,16.770000,16.820000,16.379999,16.410000,16.410000,216700
2017-07-03,16.530001,16.670000,16.309999,16.379999,16.379999,71400
2017-07-05,16.370001,16.420000,16.080000,16.270000,16.270000,157700
2017-07-06,16.219999,16.290001,15.960000,16.280001,16.280001,301500
2017-07-07,16.420000,16.879999,16.260000,16.870001,16.870001,228400
2017-07-10,16.950001,17.000000,16.680000,16.830000,16.830000,172400
2017-07-11,16.990000,17.100000,16.680000,17.080000,17.080000,342800
2017-07-12,17.070000,17.490000,17.070000,17.480000,17.480000,319400
2017-07-13,17.500000,17.660000,17.170000,17.639999,17.639999,259800
2017-07-14,17.570000,17.709999,17.410000,17.570000,17.570000,199200
2017-07-17,17.549999,17.730000,17.270000,17.379999,17.379999,235200
2017-07-18,17.350000,17.420000,17.190001,17.230000,17.230000,174100
2017-07-19,17.190001,17.290001,16.629999,16.660000,16.660000,395500
2017-07-20,16.709999,16.760000,16.450001,16.660000,16.660000,226300
2017-07-21,16.750000,16.809999,16.500000,16.510000,16.510000,143600
2017-07-24,16.650000,17.010000,16.530001,17.000000,17.000000,293000
2017-07-25,17.180000,17.219999,17.040001,17.040001,17.040001,259900
2017-07-26,17.309999,17.309999,17.030001,17.030001,17.030001,207200
2017-07-27,17.080000,17.160000,16.820000,17.120001,17.120001,353400
2017-07-28,17.100000,17.370001,16.850000,16.920000,16.920000,211800
2017-07-31,16.920000,17.080000,16.570000,16.780001,16.780001,238900
2017-08-01,16.889999,16.969999,16.700001,16.879999,16.879999,148400
2017-08-02,16.930000,17.020000,16.480000,16.629999,16.629999,139600
2017-08-03,16.129999,16.889999,15.200000,15.660000,15.660000,482100
2017-08-04,15.890000,16.790001,15.820000,16.059999,16.059999,343400
2017-08-07,16.059999,16.389999,15.950000,15.990000,15.990000,318700
2017-08-08,15.950000,16.100000,15.830000,15.910000,15.910000,230700
2017-08-09,15.890000,15.890000,15.710000,15.800000,15.800000,140500
2017-08-10,15.780000,16.010000,15.710000,15.730000,15.730000,150900
2017-08-11,15.820000,15.990000,15.460000,15.520000,15.520000,157200
2017-08-14,15.570000,16.070000,15.570000,15.840000,15.840000,399200
2017-08-15,15.980000,16.379999,15.500000,16.270000,16.270000,443600
2017-08-16,16.270000,16.580000,16.270000,16.500000,16.500000,272400
2017-08-17,16.420000,17.100000,16.420000,16.570000,16.570000,473200
2017-08-18,16.530001,16.610001,16.410000,16.450001,16.450001,235200
2017-08-21,16.410000,16.629999,16.410000,16.610001,16.610001,196500
2017-08-22,16.559999,16.840000,16.520000,16.840000,16.840000,177300
2017-08-23,16.799999,16.799999,16.570000,16.620001,16.620001,161500
2017-08-24,16.700001,16.860001,16.660000,16.780001,16.780001,173200
2017-08-25,16.850000,16.850000,16.570000,16.660000,16.660000,89600
2017-08-28,16.680000,16.950001,16.629999,16.760000,16.760000,144700
2017-08-29,16.049999,16.889999,16.010000,16.780001,16.780001,283300
2017-08-30,16.820000,16.940001,16.639999,16.870001,16.870001,155900
2017-08-31,16.879999,16.950001,16.709999,16.809999,16.809999,168000
2017-09-01,16.920000,17.090000,16.809999,17.040001,17.040001,216700
2017-09-05,17.059999,17.200001,16.860001,17.049999,17.049999,329700
2017-09-06,17.059999,17.330000,17.000000,17.330000,17.330000,259300
2017-09-07,17.270000,17.570000,17.100000,17.520000,17.520000,194900
2017-09-08,17.430000,17.770000,17.309999,17.690001,17.690001,267300
2017-09-11,17.750000,17.870001,17.480000,17.520000,17.520000,137100
2017-09-12,17.639999,17.760000,17.580000,17.639999,17.639999,83600
2017-09-13,17.660000,17.950001,17.639999,17.719999,17.719999,152300
2017-09-14,17.719999,18.379999,17.600000,18.190001,18.190001,347900
2017-09-15,18.030001,18.230000,17.709999,18.170000,18.170000,614600
2017-09-18,18.160000,18.250000,17.879999,17.879999,17.879999,169700
2017-09-19,17.930000,18.340000,17.680000,17.709999,17.709999,294100
2017-09-20,17.709999,17.840000,17.549999,17.549999,17.549999,174400
2017-09-21,17.530001,17.870001,17.469999,17.750000,17.750000,153600
2017-09-22,17.740000,18.090000,17.740000,17.910000,17.910000,194100
2017-09-25,17.930000,18.040001,17.719999,17.959999,17.959999,184100
2017-09-26,17.959999,18.450001,17.959999,18.370001,18.370001,293400
2017-09-27,18.480000,19.020000,18.450001,19.000000,19.000000,327500
2017-09-28,18.920000,19.000000,18.610001,18.840000,18.840000,145900
2017-09-29,18.820000,19.129999,18.590000,18.799999,18.799999,205300
2017-10-02,18.879999,18.879999,18.620001,18.690001,18.690001,184500
2017-10-03,18.750000,18.750000,18.209999,18.430000,18.430000,240000
2017-10-04,17.700001,17.730000,16.639999,16.980000,16.980000,656600
2017-10-05,16.990000,17.830000,16.950001,17.760000,17.760000,601100
2017-10-06,17.799999,18.410000,17.770000,18.170000,18.170000,911800
2017-10-09,18.100000,18.170000,17.840000,17.950001,17.950001,498700
2017-10-10,18.000000,18.219999,17.980000,18.120001,18.120001,223100
2017-10-11,18.090000,18.240000,18.020000,18.160000,18.160000,151500
2017-10-12,18.170000,18.250000,18.040001,18.150000,18.150000,355800
2017-10-13,18.280001,18.320000,17.820000,17.940001,17.940001,181300
2017-10-16,17.990000,18.020000,17.690001,17.889999,17.889999,284300
2017-10-17,17.809999,18.049999,17.620001,17.930000,17.930000,241700
2017-10-18,17.950001,18.120001,17.520000,18.000000,18.000000,296200
2017-10-19,17.860001,17.990000,17.700001,17.870001,17.870001,211500
2017-10-20,18.040001,18.250000,17.700001,18.230000,18.230000,163400
2017-10-23,18.299999,18.320000,18.080000,18.110001,18.110001,267500
2017-10-24,18.120001,18.250000,17.920000,17.959999,17.959999,437000
2017-10-25,17.969999,18.100000,17.879999,17.980000,17.980000,247200
2017-10-26,18.129999,18.719999,18.129999,18.709999,18.709999,206200
2017-10-27,18.610001,18.770000,18.500000,18.580000,18.580000,122700
2017-10-30,18.570000,18.680000,18.309999,18.629999,18.629999,170400
2017-10-31,18.580000,18.639999,18.059999,18.459999,18.459999,677300
2017-11-01,18.559999,18.690001,17.990000,18.280001,18.280001,277400
2017-11-02,19.000000,20.900000,18.600000,20.680000,20.680000,1174400
2017-11-03,20.520000,20.770000,19.200001,19.340000,19.340000,577400
2017-11-06,19.459999,20.100000,19.430000,19.700001,19.700001,316700
2017-11-07,19.709999,19.709999,19.040001,19.260000,19.260000,376700
2017-11-08,19.240000,19.440001,19.090000,19.219999,19.219999,271500
2017-11-09,18.990000,19.420000,18.980000,19.309999,19.309999,241500
2017-11-10,19.260000,19.629999,19.139999,19.379999,19.379999,253000
2017-11-13,19.370001,19.580000,19.200001,19.440001,19.440001,243800
2017-11-14,19.400000,19.670000,19.209999,19.410000,19.410000,287400
2017-11-15,19.240000,19.559999,19.200001,19.219999,19.219999,380000
2017-11-16,19.250000,19.549999,19.250000,19.270000,19.270000,245500
2017-11-17,19.160000,19.290001,18.980000,19.160000,19.160000,224400
2017-11-20,19.170000,19.370001,19.160000,19.260000,19.260000,119100
2017-11-21,19.389999,19.490000,19.290001,19.480000,19.480000,129100
2017-11-22,19.450001,19.500000,19.340000,19.360001,19.360001,119000
2017-11-24,19.410000,19.709999,19.370001,19.559999,19.559999,107800
2017-11-27,19.559999,19.889999,19.440001,19.459999,19.459999,398300
2017-11-28,19.520000,20.030001,19.389999,20.010000,20.010000,153100
2017-11-29,19.990000,20.730000,19.670000,20.700001,20.700001,239400
2017-11-30,21.000000,21.620001,21.000000,21.320000,21.320000,452800
2017-12-01,21.340000,21.350000,20.530001,21.080000,21.080000,231900
2017-12-04,21.379999,21.709999,21.100000,21.530001,21.530001,363000
2017-12-05,21.590000,21.719999,20.889999,20.900000,20.900000,273700
2017-12-06,20.889999,21.180000,20.809999,21.040001,21.040001,171900
2017-12-07,21.000000,21.230000,20.969999,21.000000,21.000000,231200
2017-12-08,21.100000,21.100000,20.520000,21.049999,21.049999,159300
2017-12-11,21.049999,21.340000,20.840000,21.000000,21.000000,128700
2017-12-12,21.010000,21.370001,20.799999,20.840000,20.840000,135000
2017-12-13,20.969999,21.139999,20.870001,20.990000,20.990000,200100
2017-12-14,21.000000,21.110001,20.809999,21.049999,21.049999,284700
2017-12-15,21.049999,21.860001,20.820000,21.459999,21.459999,333300
2017-12-18,21.620001,22.020000,21.590000,21.700001,21.700001,117200
2017-12-19,21.740000,21.940001,21.280001,21.309999,21.309999,150400
2017-12-20,21.420000,21.860001,21.270000,21.600000,21.600000,103800
2017-12-21,21.620001,21.889999,21.620001,21.719999,21.719999,108900
2017-12-22,21.799999,21.959999,21.620001,21.830000,21.830000,134400
2017-12-26,21.870001,22.280001,21.870001,22.240000,22.240000,272900
2017-12-27,22.200001,22.549999,21.969999,22.340000,22.340000,238100
2017-12-28,22.350000,22.750000,21.969999,22.639999,22.639999,253200
2017-12-29,22.719999,23.200001,22.559999,23.020000,23.020000,343800
2018-01-02,22.900000,23.290001,22.760000,23.160000,23.160000,452900
2018-01-03,23.139999,23.250000,22.350000,22.379999,22.379999,295800
2018-01-04,22.520000,23.139999,22.150000,22.889999,22.889999,180200
2018-01-05,23.059999,23.570000,22.959999,23.520000,23.520000,191300
2018-01-08,23.580000,23.660000,23.360001,23.610001,23.610001,242000
2018-01-09,23.600000,23.780001,23.209999,23.230000,23.230000,150700
2018-01-10,23.129999,23.219999,22.930000,23.170000,23.170000,102900
2018-01-11,23.160000,23.600000,23.059999,23.500000,23.500000,93600
2018-01-12,23.540001,23.860001,23.290001,23.750000,23.750000,143400
2018-01-16,23.820000,24.160000,23.360001,23.940001,23.940001,159600
2018-01-17,24.040001,24.299999,23.969999,24.290001,24.290001,131100
2018-01-18,24.280001,24.360001,24.049999,24.129999,24.129999,144900
2018-01-19,24.110001,24.459999,24.059999,24.070000,24.070000,166000
2018-01-22,24.180000,24.420000,24.090000,24.170000,24.170000,166300
2018-01-23,24.129999,24.290001,23.910000,24.260000,24.260000,169300
2018-01-24,27.379999,27.379999,25.379999,26.040001,26.040001,424800
2018-01-25,26.219999,26.420000,25.860001,26.150000,26.150000,199500
2018-01-26,26.200001,26.410000,25.809999,25.840000,25.840000,175000
2018-01-29,25.850000,26.000000,25.459999,25.510000,25.510000,213100
2018-01-30,25.420000,25.940001,25.410000,25.750000,25.750000,137900
2018-01-31,25.770000,25.910000,25.440001,25.580000,25.580000,168400
2018-02-01,25.490000,25.889999,25.379999,25.469999,25.469999,195300
2018-02-02,25.350000,25.530001,24.969999,25.080000,25.080000,120300
2018-02-05,24.840000,24.959999,23.299999,24.040001,24.040001,336200
2018-02-06,23.959999,24.809999,23.850000,24.330000,24.330000,446100
2018-02-07,24.290001,25.350000,24.209999,25.030001,25.030001,160400
2018-02-08,25.160000,25.230000,24.340000,24.350000,24.350000,206500
2018-02-09,24.559999,24.780001,23.780001,24.389999,24.389999,257400
2018-02-12,24.440001,24.610001,23.910000,24.400000,24.400000,127300
2018-02-13,24.209999,24.959999,24.209999,24.950001,24.950001,162200
2018-02-14,24.700001,25.990000,24.340000,25.400000,25.400000,242100
2018-02-15,25.650000,25.850000,25.230000,25.830000,25.830000,167600
2018-02-16,25.740000,26.730000,25.709999,26.430000,26.430000,150900
2018-02-20,26.379999,26.480000,25.910000,26.309999,26.309999,145100
2018-02-21,26.379999,26.809999,26.240000,26.250000,26.250000,123600
2018-02-22,26.379999,26.719999,26.030001,26.570000,26.570000,130700
2018-02-23,26.760000,26.809999,26.030001,26.530001,26.530001,237600
2018-02-26,26.670000,26.990000,26.600000,26.900000,26.900000,177300
2018-02-27,26.950001,27.000000,26.240000,26.280001,26.280001,226800
2018-02-28,26.270000,26.600000,25.410000,25.420000,25.420000,362800
2018-03-01,25.410000,25.910000,25.209999,25.450001,25.450001,437100
2018-03-02,23.500000,25.139999,22.150000,24.870001,24.870001,686200
2018-03-05,24.709999,24.709999,24.000000,24.290001,24.290001,296500
2018-03-06,24.340000,24.420000,23.959999,24.059999,24.059999,291300
2018-03-07,23.850000,24.170000,23.750000,23.770000,23.770000,269500
2018-03-08,23.780001,24.040001,23.670000,24.020000,24.020000,262800
2018-03-09,24.110001,24.760000,23.920000,24.070000,24.070000,323700
2018-03-12,24.090000,24.090000,23.410000,23.700001,23.700001,518000
2018-03-13,23.820000,23.860001,23.410000,23.760000,23.760000,213000
2018-03-14,23.740000,24.010000,23.580000,23.790001,23.790001,178800
2018-03-15,23.570000,23.570000,23.170000,23.250000,23.250000,365000
2018-03-16,23.260000,23.690001,23.180000,23.459999,23.459999,467600
2018-03-19,23.320000,23.639999,23.200001,23.510000,23.510000,363600
2018-03-20,23.280001,24.030001,23.280001,23.910000,23.910000,311700
2018-03-21,23.900000,24.200001,23.680000,24.110001,24.110001,321200
2018-03-22,24.000000,24.639999,24.000000,24.170000,24.170000,326700
2018-03-23,24.120001,24.120001,23.270000,23.360001,23.360001,557100
2018-03-26,23.600000,23.600000,23.170000,23.510000,23.510000,497700
2018-03-27,23.610001,23.610001,23.190001,23.360001,23.360001,317400
2018-03-28,23.400000,23.540001,23.010000,23.389999,23.389999,238000
2018-03-29,23.510000,23.950001,23.250000,23.379999,23.379999,306000
2018-04-02,23.360001,23.670000,23.209999,23.559999,23.559999,307200
2018-04-03,23.590000,23.889999,23.410000,23.760000,23.760000,234400
2018-04-04,23.500000,24.139999,23.370001,23.940001,23.940001,202100
2018-04-05,24.090000,24.709999,23.920000,24.680000,24.680000,198000
2018-04-06,24.549999,24.950001,24.270000,24.500000,24.500000,487100
2018-04-09,24.590000,24.799999,24.299999,24.309999,24.309999,222800
2018-04-10,24.469999,24.870001,24.299999,24.790001,24.790001,154800
2018-04-11,24.639999,24.770000,24.120001,24.360001,24.360001,290300
2018-04-12,24.440001,24.700001,24.020000,24.040001,24.040001,317100
2018-04-13,24.080000,24.160000,23.889999,24.090000,24.090000,118300
2018-04-16,24.209999,24.650000,23.799999,24.520000,24.520000,124500
2018-04-17,24.600000,25.020000,24.500000,24.980000,24.980000,158200
2018-04-18,24.950001,25.200001,24.920000,24.920000,24.920000,121000
2018-04-19,24.780001,24.980000,24.530001,24.809999,24.809999,168200
2018-04-20,24.719999,24.950001,23.700001,24.520000,24.520000,287600
2018-04-23,24.430000,24.660000,24.309999,24.500000,24.500000,83800
2018-04-24,24.580000,24.950001,24.420000,24.469999,24.469999,121400
2018-04-25,24.430000,24.600000,24.150000,24.270000,24.270000,172400
2018-04-26,24.340000,24.580000,24.120001,24.580000,24.580000,126100
2018-04-27,24.620001,24.900000,24.360001,24.559999,24.559999,155200
2018-04-30,24.600000,24.820000,24.500000,24.510000,24.510000,163700
2018-05-01,24.540001,24.770000,24.280001,24.760000,24.760000,155100
2018-05-02,24.719999,25.160000,24.280001,25.040001,25.040001,152900
2018-05-03,24.959999,25.700001,24.740000,25.520000,25.520000,198400
2018-05-04,25.910000,27.500000,25.580000,26.969999,26.969999,623700
2018-05-07,27.080000,27.270000,25.530001,25.780001,25.780001,301400
2018-05-08,25.629999,25.780001,25.030001,25.100000,25.100000,262600
2018-05-09,25.070000,25.240000,24.469999,24.549999,24.549999,448900
2018-05-10,24.690001,24.940001,24.480000,24.500000,24.500000,151000
2018-05-11,24.520000,24.709999,24.160000,24.209999,24.209999,132100
2018-05-14,24.209999,24.830000,24.040001,24.570000,24.570000,245100
2018-05-15,24.469999,25.730000,24.309999,24.700001,24.700001,165300
2018-05-16,24.690001,25.650000,24.379999,24.420000,24.420000,157600
2018-05-17,24.469999,24.570000,24.260000,24.559999,24.559999,202100
2018-05-18,24.660000,24.660000,23.760000,23.770000,23.770000,296400
2018-05-21,23.900000,24.780001,23.780001,24.150000,24.150000,433100
2018-05-22,23.969999,24.330000,23.799999,24.020000,24.020000,187200
2018-05-23,23.920000,24.129999,23.740000,23.950001,23.950001,142000
2018-05-24,23.940001,24.070000,23.690001,23.760000,23.760000,134300
2018-05-25,23.700001,23.889999,23.480000,23.889999,23.889999,113500
2018-05-29,23.760000,24.150000,23.379999,23.730000,23.730000,325000
2018-05-30,23.860001,24.930000,23.730000,24.209999,24.209999,410500
2018-05-31,24.230000,24.270000,23.510000,23.580000,23.580000,180700
2018-06-01,23.709999,24.049999,23.570000,23.860001,23.860001,153000
2018-06-04,23.920000,24.190001,23.590000,23.840000,23.840000,196600
2018-06-05,23.820000,23.969999,23.690001,23.820000,23.820000,88800
2018-06-06,23.809999,24.070000,23.680000,23.910000,23.910000,269800
2018-06-07,23.820000,24.000000,23.500000,23.610001,23.610001,122700
2018-06-08,23.629999,23.840000,23.500000,23.660000,23.660000,138700
2018-06-11,23.670000,24.139999,23.520000,24.030001,24.030001,142500
2018-06-12,24.020000,24.760000,24.010000,24.670000,24.670000,230000
2018-06-13,24.600000,24.930000,24.299999,24.520000,24.520000,183200
2018-06-14,24.629999,24.799999,24.280001,24.780001,24.780001,106900
2018-06-15,24.780001,25.580000,24.530001,25.129999,25.129999,524900
2018-06-18,24.969999,25.450001,24.969999,25.270000,25.270000,293500
2018-06-19,25.240000,25.600000,25.120001,25.540001,25.540001,152900
2018-06-20,25.530001,25.950001,25.040001,25.920000,25.920000,225300
2018-06-21,25.969999,26.410000,25.580000,26.400000,26.400000,279700
2018-06-22,26.430000,26.950001,26.389999,26.510000,26.510000,429800
2018-06-25,26.459999,26.760000,26.049999,26.540001,26.540001,280600
2018-06-26,26.500000,26.980000,25.990000,26.530001,26.530001,194500
2018-06-27,26.570000,26.590000,26.190001,26.240000,26.240000,139000
2018-06-28,26.270000,26.379999,24.920000,26.190001,26.190001,156700
2018-06-29,26.219999,26.420000,25.600000,25.610001,25.610001,168800
2018-07-02,25.580000,25.850000,25.370001,25.850000,25.850000,117100
2018-07-03,25.969999,26.330000,25.680000,25.920000,25.920000,61500
2018-07-05,26.100000,26.250000,25.920000,26.230000,26.230000,80700
2018-07-06,26.240000,26.469999,25.809999,25.830000,25.830000,66900
2018-07-09,25.830000,25.990000,25.590000,25.870001,25.870001,179500
2018-07-10,25.920000,26.030001,25.750000,25.910000,25.910000,97600
2018-07-11,25.870001,26.049999,25.809999,25.840000,25.840000,87300
2018-07-12,25.930000,25.930000,25.440001,25.540001,25.540001,106500
2018-07-13,25.559999,25.559999,25.219999,25.410000,25.410000,90300
2018-07-16,25.410000,25.690001,25.250000,25.690001,25.690001,173500
2018-07-17,25.680000,25.700001,25.290001,25.389999,25.389999,82500
2018-07-18,25.379999,25.400000,25.200001,25.379999,25.379999,107100
2018-07-19,25.370001,25.530001,24.799999,25.469999,25.469999,92200
2018-07-20,25.540001,25.830000,25.350000,25.650000,25.650000,105600
2018-07-23,25.660000,25.969999,25.500000,25.600000,25.600000,213000
2018-07-24,25.680000,25.889999,25.170000,25.830000,25.830000,203200
2018-07-25,25.700001,26.680000,25.309999,26.660000,26.660000,117700
2018-07-26,26.610001,27.250000,26.600000,27.180000,27.180000,132400
2018-07-27,27.250000,27.570000,27.070000,27.280001,27.280001,133600
2018-07-30,27.280001,27.309999,26.910000,27.080000,27.080000,119200
2018-07-31,27.100000,27.680000,26.879999,27.559999,27.559999,150900
2018-08-01,27.690001,28.049999,27.450001,28.000000,28.000000,196600
2018-08-02,28.010000,28.360001,27.959999,28.100000,28.100000,201500
2018-08-03,28.010000,28.750000,25.889999,28.370001,28.370001,414600
2018-08-06,27.000000,29.049999,26.520000,29.000000,29.000000,525700
2018-08-07,29.080000,29.120001,28.639999,28.680000,28.680000,277800
2018-08-08,28.670000,28.750000,28.260000,28.620001,28.620001,102800
2018-08-09,28.610001,29.450001,28.610001,29.379999,29.379999,163700
2018-08-10,29.320000,29.740000,28.879999,28.900000,28.900000,301100
2018-08-13,28.840000,28.990000,28.530001,28.540001,28.540001,134200
2018-08-14,28.600000,28.750000,28.379999,28.410000,28.410000,134600
2018-08-15,28.400000,28.580000,27.850000,28.040001,28.040001,132200
2018-08-16,28.120001,28.450001,28.080000,28.219999,28.219999,105600
2018-08-17,28.129999,28.350000,27.889999,27.920000,27.920000,99700
2018-08-20,27.910000,28.070000,27.790001,27.969999,27.969999,114100
2018-08-21,27.959999,28.290001,27.590000,27.590000,27.590000,135500
2018-08-22,27.530001,27.760000,27.520000,27.549999,27.549999,101000
2018-08-23,27.530001,27.730000,27.190001,27.200001,27.200001,88000
2018-08-24,27.190001,27.660000,27.120001,27.559999,27.559999,427100
2018-08-27,27.600000,27.889999,27.530001,27.770000,27.770000,217000
2018-08-28,27.870001,28.320000,27.629999,27.660000,27.660000,144400
2018-08-29,27.740000,27.820000,27.469999,27.790001,27.790001,91100
2018-08-30,27.790001,28.320000,27.690001,28.309999,28.309999,129500
2018-08-31,28.260000,28.639999,28.250000,28.379999,28.379999,114000
2018-09-04,28.370001,28.580000,28.110001,28.559999,28.559999,97900
2018-09-05,28.580000,29.070000,28.559999,29.059999,29.059999,131300
2018-09-06,29.200001,30.510000,29.059999,30.469999,30.469999,278200
2018-09-07,30.590000,31.670000,30.400000,31.629999,31.629999,248800
2018-09-10,31.799999,33.750000,31.799999,33.500000,33.500000,553400
2018-09-11,33.610001,33.939999,32.029999,32.400002,32.400002,390700
2018-09-12,32.419998,32.779999,32.020000,32.700001,32.700001,206700
2018-09-13,32.830002,33.029999,32.389999,32.529999,32.529999,131700
2018-09-14,32.520000,32.669998,31.920000,32.290001,32.290001,132500
2018-09-17,32.279999,32.380001,31.650000,31.969999,31.969999,150000
2018-09-18,31.980000,32.500000,31.980000,32.240002,32.240002,107100
2018-09-19,32.299999,32.310001,31.459999,31.549999,31.549999,65700
2018-09-20,31.610001,31.610001,31.059999,31.360001,31.360001,99200
2018-09-21,31.410000,31.600000,30.940001,31.580000,31.580000,371000
2018-09-24,31.549999,31.559999,30.920000,31.139999,31.139999,104800
2018-09-25,31.190001,31.370001,30.799999,31.160000,31.160000,124900
2018-09-26,31.170000,31.459999,30.850000,30.920000,30.920000,114800
2018-09-27,30.920000,31.059999,30.750000,30.860001,30.860001,120900
2018-09-28,30.850000,31.260000,30.850000,31.059999,31.059999,136400
2018-10-01,31.650000,32.000000,30.150000,30.190001,30.190001,144600
2018-10-02,30.180000,30.350000,29.520000,29.650000,29.650000,137800
2018-10-03,29.650000,29.790001,29.540001,29.760000,29.760000,129600
2018-10-04,29.780001,29.959999,29.500000,29.900000,29.900000,111800
2018-10-05,29.930000,30.309999,29.500000,29.770000,29.770000,145700
2018-10-08,29.770000,30.070000,29.459999,29.850000,29.850000,178200
2018-10-09,29.879999,30.219999,29.500000,29.629999,29.629999,172700
2018-10-10,29.629999,29.719999,28.459999,28.580000,28.580000,360600
2018-10-11,28.590000,29.030001,28.139999,28.590000,28.590000,340500
2018-10-12,28.940001,29.209999,28.549999,28.940001,28.940001,229500
2018-10-15,28.930000,29.230000,28.830000,29.059999,29.059999,76300
2018-10-16,29.070000,30.590000,28.830000,30.559999,30.559999,291700
2018-10-17,30.490000,31.500000,30.129999,31.450001,31.450001,196800
2018-10-18,31.469999,32.459999,31.309999,31.830000,31.830000,267100
2018-10-19,31.709999,32.169998,31.400000,31.700001,31.700001,157700
2018-10-22,31.700001,32.049999,31.230000,31.270000,31.270000,243800
2018-10-23,30.680000,30.930000,29.900000,30.770000,30.770000,315700
2018-10-24,30.879999,31.209999,30.209999,30.240000,30.240000,345200
2018-10-25,30.440001,30.870001,29.920000,30.750000,30.750000,141900
2018-10-26,30.420000,31.490000,29.889999,31.290001,31.290001,196100
2018-10-29,31.639999,32.360001,31.250000,32.189999,32.189999,254600
2018-10-30,32.180000,33.630001,32.180000,33.029999,33.029999,349500
2018-10-31,33.410000,33.599998,32.540001,32.560001,32.560001,206000
2018-11-01,32.570000,32.630001,31.790001,32.139999,32.139999,219500
2018-11-02,31.840000,34.480000,28.879999,30.100000,30.100000,538300
2018-11-05,30.230000,30.520000,29.010000,29.360001,29.360001,330100
2018-11-06,29.110001,31.260000,29.110001,30.990000,30.990000,445400
2018-11-07,31.110001,31.450001,30.500000,31.400000,31.400000,244600
2018-11-08,31.330000,31.959999,31.059999,31.930000,31.930000,144200
2018-11-09,31.830000,32.130001,31.299999,31.950001,31.950001,135000
2018-11-12,31.900000,32.150002,31.510000,31.559999,31.559999,108200
2018-11-13,31.709999,31.790001,31.100000,31.559999,31.559999,91600
2018-11-14,31.690001,32.509998,31.639999,32.259998,32.259998,170700
2018-11-15,32.090000,32.169998,31.309999,31.430000,31.430000,196900
2018-11-16,31.250000,31.389999,30.420000,31.360001,31.360001,205400
2018-11-19,31.350000,31.770000,30.980000,31.559999,31.559999,171000
2018-11-20,31.389999,31.540001,30.270000,30.320000,30.320000,104500
2018-11-21,30.340000,30.680000,29.870001,30.680000,30.680000,148500
2018-11-23,30.620001,31.570000,30.139999,31.059999,31.059999,54900
2018-11-26,31.430000,31.559999,30.700001,31.219999,31.219999,102600
2018-11-27,31.030001,31.350000,30.740000,31.240000,31.240000,95500
2018-11-28,31.309999,33.270000,31.150000,33.020000,33.020000,271200
2018-11-29,32.790001,33.990002,32.790001,33.740002,33.740002,280800
2018-11-30,33.770000,33.939999,32.480000,32.650002,32.650002,218100
2018-12-03,32.910000,33.369999,31.690001,32.240002,32.240002,140700
2018-12-04,32.290001,32.939999,32.220001,32.549999,32.549999,247000
2018-12-06,32.259998,32.919998,31.610001,32.500000,32.500000,178900
2018-12-07,32.380001,32.529999,30.959999,31.010000,31.010000,139700
2018-12-10,31.020000,31.219999,29.620001,29.650000,29.650000,194300
2018-12-11,29.879999,29.990000,29.250000,29.670000,29.670000,128200
2018-12-12,30.000000,30.270000,29.450001,29.520000,29.520000,147500
2018-12-13,29.530001,29.879999,29.209999,29.330000,29.330000,118800
2018-12-14,29.290001,31.620001,29.290001,30.370001,30.370001,462400
2018-12-17,30.870001,30.870001,28.520000,28.770000,28.770000,345300
2018-12-18,29.000000,29.950001,28.120001,28.580000,28.580000,231200
2018-12-19,28.610001,29.240000,28.350000,28.530001,28.530001,174500
2018-12-20,28.480000,28.850000,26.639999,27.030001,27.030001,254700
2018-12-21,27.030001,27.430000,25.690001,25.780001,25.780001,333900
2018-12-24,25.469999,25.709999,24.700001,24.750000,24.750000,104200
2018-12-26,25.170000,26.330000,24.610001,26.299999,26.299999,211700
2018-12-27,26.170000,26.420000,25.320000,26.389999,26.389999,170000
2018-12-28,27.889999,28.370001,27.020000,28.170000,28.170000,324100
2018-12-31,28.219999,28.780001,27.820000,28.490000,28.490000,270300
2019-01-02,27.860001,28.090000,27.240000,27.799999,27.799999,196900
2019-01-03,27.459999,27.670000,26.750000,27.379999,27.379999,165400
2019-01-04,27.520000,28.320000,27.459999,27.850000,27.850000,184700
2019-01-07,27.709999,28.290001,27.709999,27.799999,27.799999,238300
2019-01-08,27.940001,29.049999,27.920000,28.790001,28.790001,249000
2019-01-09,28.790001,29.370001,28.740000,29.180000,29.180000,218000
2019-01-10,29.150000,30.080000,28.850000,30.059999,30.059999,147200
2019-01-11,29.930000,30.280001,29.709999,30.250000,30.250000,150400
2019-01-14,30.080000,31.020000,29.910000,30.730000,30.730000,254000
2019-01-15,31.010000,31.299999,30.230000,30.639999,30.639999,237600
2019-01-16,30.850000,30.920000,30.010000,30.200001,30.200001,149000
2019-01-17,29.969999,31.049999,29.900000,30.830000,30.830000,181500
2019-01-18,30.850000,31.740000,30.500000,31.730000,31.730000,170900
2019-01-22,31.629999,31.889999,30.600000,30.980000,30.980000,179500
2019-01-23,30.010000,30.280001,29.549999,29.840000,29.840000,1247100
2019-01-24,29.820000,30.030001,29.420000,29.469999,29.469999,312200
2019-01-25,29.790001,30.730000,29.570000,30.410000,30.410000,280100
2019-01-28,30.150000,30.650000,29.570000,30.590000,30.590000,260500
2019-01-29,30.950001,31.010000,30.020000,30.040001,30.040001,358900
2019-01-30,30.299999,30.379999,29.629999,30.030001,30.030001,284200
2019-01-31,30.020000,30.540001,29.940001,30.120001,30.120001,378300
2019-02-01,30.010000,30.530001,29.840000,30.080000,30.080000,470700
2019-02-04,30.000000,30.910000,29.980000,30.809999,30.809999,205100
2019-02-05,30.629999,31.180000,30.590000,30.790001,30.790001,214900
2019-02-06,30.820000,31.160000,30.340000,31.090000,31.090000,144500
2019-02-07,30.820000,31.139999,30.410000,31.049999,31.049999,353300
2019-02-08,30.830000,31.590000,30.809999,31.559999,31.559999,315500
2019-02-11,31.680000,32.549999,31.469999,32.029999,32.029999,432300
2019-02-12,32.310001,33.830002,32.110001,33.770000,33.770000,448800
2019-02-13,33.849998,34.060001,33.299999,33.779999,33.779999,381900
2019-02-14,33.619999,34.529999,33.189999,34.180000,34.180000,201100
2019-02-15,34.310001,35.099998,34.209999,35.029999,35.029999,282000
2019-02-19,35.130001,35.560001,35.070000,35.279999,35.279999,251500
2019-02-20,35.270000,35.580002,34.720001,35.040001,35.040001,267400
2019-02-21,34.520000,35.009998,33.520000,33.549999,33.549999,868700
2019-02-22,33.000000,35.360001,32.450001,35.180000,35.180000,641400
2019-02-25,35.150002,35.930000,35.150002,35.790001,35.790001,565200
2019-02-26,35.750000,36.000000,34.590000,34.790001,34.790001,750200
2019-02-27,34.779999,35.980000,34.779999,35.900002,35.900002,252600
2019-02-28,35.810001,35.810001,35.180000,35.279999,35.279999,329500
2019-03-01,35.310001,35.880001,34.889999,35.790001,35.790001,392100
2019-03-04,35.939999,35.939999,34.400002,34.700001,34.700001,291700
2019-03-05,34.660000,34.779999,33.580002,33.610001,33.610001,272400
2019-03-06,33.619999,34.639999,33.520000,34.599998,34.599998,403100
2019-03-07,34.759998,34.930000,34.110001,34.810001,34.810001,159600
2019-03-08,34.450001,34.450001,33.290001,33.840000,33.840000,215800
2019-03-11,33.860001,34.650002,33.680000,34.490002,34.490002,132200
2019-03-12,34.490002,34.660000,33.950001,34.490002,34.490002,179500
2019-03-13,34.669998,34.810001,33.950001,34.160000,34.160000,123100
2019-03-14,34.169998,34.529999,34.020000,34.209999,34.209999,154500
2019-03-15,34.209999,34.500000,34.040001,34.099998,34.099998,714600
2019-03-18,34.209999,35.000000,34.180000,34.950001,34.950001,179300
2019-03-19,35.009998,35.459999,34.880001,35.090000,35.090000,196700
2019-03-20,34.959999,35.310001,34.869999,35.000000,35.000000,364600
2019-03-21,34.930000,35.700001,34.930000,35.139999,35.139999,150400
2019-03-22,35.070000,35.150002,34.689999,34.900002,34.900002,186000
2019-03-25,34.860001,35.570000,34.049999,35.340000,35.340000,182800
2019-03-26,35.580002,36.820000,35.480000,36.740002,36.740002,233200
2019-03-27,36.770000,36.950001,34.750000,34.810001,34.810001,480400
2019-03-28,34.919998,35.419998,34.730000,35.230000,35.230000,362100
2019-03-29,35.259998,35.720001,34.799999,35.560001,35.560001,504200
2019-04-01,35.700001,35.849998,34.400002,34.849998,34.849998,392800
2019-04-02,34.860001,35.029999,34.180000,34.220001,34.220001,173800
2019-04-03,34.340000,34.889999,33.939999,34.009998,34.009998,270100
2019-04-04,34.270000,35.200001,33.180000,33.450001,33.450001,203200
2019-04-05,33.459999,33.709999,33.279999,33.480000,33.480000,213000
2019-04-08,33.549999,34.110001,33.099998,34.000000,34.000000,287400
2019-04-09,34.000000,34.360001,33.759998,34.000000,34.000000,167200
2019-04-10,34.139999,34.910000,33.900002,34.779999,34.779999,181400
2019-04-11,34.619999,34.619999,32.070000,33.290001,33.290001,412800
2019-04-12,33.590000,34.099998,32.349998,32.779999,32.779999,206700
2019-04-15,33.250000,34.349998,33.250000,33.450001,33.450001,172100
2019-04-16,33.680000,34.299999,33.480000,34.299999,34.299999,229000
2019-04-17,34.299999,34.910000,34.130001,34.860001,34.860001,192100
2019-04-18,34.980000,35.380001,34.570000,35.230000,35.230000,145400
2019-04-22,34.919998,35.860001,34.919998,35.540001,35.540001,228100
2019-04-23,35.630001,36.230000,35.410000,35.939999,35.939999,314400
2019-04-24,35.930000,36.540001,35.740002,36.419998,36.419998,231500
2019-04-25,36.259998,36.919998,36.130001,36.810001,36.810001,152500
2019-04-26,36.840000,37.090000,36.580002,36.880001,36.880001,122700
2019-04-29,37.029999,37.490002,36.680000,37.189999,37.189999,192900
2019-04-30,37.070000,37.419998,36.410000,37.320000,37.320000,277600
2019-05-01,38.619999,39.320000,37.099998,37.360001,37.360001,654600
2019-05-02,37.549999,38.270000,37.080002,37.740002,37.740002,231500
2019-05-03,37.750000,38.000000,36.779999,37.419998,37.419998,437600
2019-05-06,36.930000,38.209999,36.650002,38.130001,38.130001,276800
2019-05-07,37.889999,38.459999,37.320000,37.529999,37.529999,183400
2019-05-08,37.400002,37.820000,36.900002,36.910000,36.910000,128000
2019-05-09,36.639999,37.560001,36.560001,37.459999,37.459999,248200
2019-05-10,37.349998,38.540001,37.119999,38.150002,38.150002,293200
2019-05-13,37.459999,38.000000,37.369999,37.700001,37.700001,149100
2019-05-14,37.759998,38.200001,37.700001,37.980000,37.980000,168100
2019-05-15,37.680000,38.490002,37.680000,38.290001,38.290001,131300
2019-05-16,38.450001,39.090000,38.330002,38.570000,38.570000,282300
2019-05-17,38.230000,39.160000,38.230000,39.070000,39.070000,225100
2019-05-20,38.880001,39.349998,38.419998,39.250000,39.250000,163200
2019-05-21,39.349998,39.869999,38.310001,38.419998,38.419998,422100
2019-05-22,38.369999,39.150002,38.369999,38.900002,38.900002,405500
2019-05-23,38.540001,38.889999,38.410000,38.720001,38.720001,152900
2019-05-24,38.880001,39.119999,38.560001,38.820000,38.820000,238500
2019-05-28,38.770000,39.040001,38.080002,38.389999,38.389999,213100
2019-05-29,38.330002,38.360001,37.630001,37.880001,37.880001,170700
2019-05-30,38.000000,38.410000,37.689999,38.330002,38.330002,157600
2019-05-31,38.009998,39.029999,37.869999,38.720001,38.720001,136900
2019-06-03,38.779999,39.020000,38.330002,38.939999,38.939999,237800
2019-06-04,39.080002,39.529999,38.939999,39.259998,39.259998,160900
2019-06-05,39.340000,40.009998,39.340000,39.639999,39.639999,235300
2019-06-06,39.939999,40.000000,39.110001,39.580002,39.580002,294800
2019-06-07,39.790001,40.080002,39.419998,39.430000,39.430000,106900
2019-06-10,39.630001,39.759998,38.700001,38.720001,38.720001,127500
2019-06-11,39.090000,39.230000,38.220001,38.709999,38.709999,207700
2019-06-12,38.650002,38.950001,38.279999,38.610001,38.610001,141800
2019-06-13,38.790001,38.889999,38.150002,38.730000,38.730000,136200
2019-06-14,38.549999,39.490002,38.549999,39.340000,39.340000,169400
2019-06-17,39.400002,39.619999,39.009998,39.520000,39.520000,159000
2019-06-18,39.720001,41.500000,39.680000,40.720001,40.720001,438100
2019-06-19,40.709999,41.090000,39.889999,40.880001,40.880001,310300
2019-06-20,41.299999,41.720001,40.740002,41.110001,41.110001,392900
2019-06-21,40.919998,41.180000,40.029999,40.369999,40.369999,189300
2019-06-24,40.529999,40.700001,39.919998,40.520000,40.520000,256100
2019-06-25,40.630001,41.040001,39.680000,39.779999,39.779999,381300
2019-06-26,39.790001,40.040001,38.509998,38.680000,38.680000,337900
2019-06-27,38.709999,39.160000,38.639999,39.090000,39.090000,143800
2019-06-28,39.099998,39.930000,38.889999,39.630001,39.630001,1675500
2019-07-01,39.880001,40.720001,39.330002,40.680000,40.680000,478200
2019-07-02,40.389999,41.290001,40.389999,41.180000,41.180000,160300
2019-07-03,41.330002,41.389999,40.410000,41.049999,41.049999,83200
2019-07-05,40.830002,41.330002,40.320000,41.230000,41.230000,219400
2019-07-08,41.099998,41.459999,40.099998,40.459999,40.459999,236800
2019-07-09,40.430000,40.740002,40.080002,40.619999,40.619999,222500
2019-07-10,40.790001,41.240002,40.540001,40.549999,40.549999,124700
2019-07-11,40.689999,40.849998,40.029999,40.360001,40.360001,170400
2019-07-12,40.369999,41.000000,40.139999,40.849998,40.849998,149000
2019-07-15,40.889999,41.180000,40.259998,41.099998,41.099998,315300
2019-07-16,41.049999,42.119999,41.009998,42.009998,42.009998,194500
2019-07-17,42.180000,42.910000,42.009998,42.770000,42.770000,187400
2019-07-18,42.560001,43.040001,42.220001,42.799999,42.799999,424400
2019-07-19,42.730000,43.070000,41.930000,42.150002,42.150002,266800
2019-07-22,42.200001,42.240002,41.340000,42.080002,42.080002,420200
2019-07-23,42.119999,42.169998,41.459999,41.669998,41.669998,337500
2019-07-24,41.680000,42.380001,41.220001,42.049999,42.049999,287900
2019-07-25,42.000000,42.509998,41.529999,42.320000,42.320000,223700
2019-07-26,42.509998,43.869999,42.480000,43.419998,43.419998,370500
2019-07-29,43.650002,43.650002,42.830002,43.150002,43.150002,461800
2019-07-30,43.049999,43.830002,42.820000,43.799999,43.799999,179000
2019-07-31,43.840000,44.150002,43.230000,43.599998,43.599998,372900
2019-08-01,43.560001,44.189999,42.720001,42.860001,42.860001,318500
2019-08-02,41.009998,46.849998,40.740002,45.259998,45.259998,803100
2019-08-05,45.279999,45.500000,43.950001,44.480000,44.480000,627200
2019-08-06,44.500000,45.200001,44.090000,44.849998,44.849998,433200
2019-08-07,44.459999,46.610001,44.000000,46.169998,46.169998,381400
2019-08-08,46.389999,47.720001,45.880001,45.970001,45.970001,643300
2019-08-09,46.230000,46.439999,45.099998,45.700001,45.700001,302700
2019-08-12,44.900002,45.680000,44.799999,45.200001,45.200001,219700
2019-08-13,44.980000,45.880001,44.980000,45.750000,45.750000,287100
2019-08-14,45.439999,45.490002,44.490002,45.029999,45.029999,231700
2019-08-15,44.950001,45.939999,44.619999,45.189999,45.189999,311100
2019-08-16,45.369999,46.119999,45.080002,45.549999,45.549999,224500
2019-08-19,45.840000,46.150002,45.490002,45.500000,45.500000,211700
2019-08-20,45.070000,45.180000,44.259998,44.340000,44.340000,213700
2019-08-21,44.590000,45.360001,44.450001,45.119999,45.119999,247500
2019-08-22,45.290001,46.160000,45.200001,45.810001,45.810001,297500
2019-08-23,45.790001,45.790001,43.820000,44.209999,44.209999,237300
2019-08-26,44.650002,45.160000,44.389999,45.119999,45.119999,182200
2019-08-27,45.439999,45.439999,44.419998,45.099998,45.099998,283500
2019-08-28,45.110001,46.560001,44.770000,46.360001,46.360001,367500
2019-08-29,46.740002,47.189999,45.689999,45.930000,45.930000,196400
2019-08-30,46.070000,46.310001,45.000000,45.500000,45.500000,339700
2019-09-03,45.470001,45.720001,44.950001,45.090000,45.090000,144800
2019-09-04,45.459999,45.680000,45.049999,45.490002,45.490002,207000
2019-09-05,45.810001,45.810001,44.009998,44.049999,44.049999,359500
2019-09-06,44.410000,44.430000,43.419998,43.470001,43.470001,244600
2019-09-09,43.590000,44.139999,41.049999,41.340000,41.340000,418700
2019-09-10,41.220001,41.220001,38.860001,39.080002,39.080002,591500
2019-09-11,39.340000,39.959999,39.040001,39.919998,39.919998,411600
2019-09-12,40.160000,41.279999,39.810001,41.180000,41.180000,537100
2019-09-13,41.189999,42.150002,40.810001,40.820000,40.820000,302300
2019-09-16,40.689999,41.439999,40.560001,41.340000,41.340000,229200
2019-09-17,41.389999,42.250000,41.389999,42.139999,42.139999,161200
2019-09-18,42.340000,42.709999,40.849998,41.900002,41.900002,355900
2019-09-19,41.939999,42.680000,41.630001,41.810001,41.810001,288500
2019-09-20,41.799999,44.990002,41.709999,44.919998,44.919998,1012900
2019-09-23,45.040001,45.900002,44.599998,45.070000,45.070000,374100
2019-09-24,45.209999,45.380001,43.990002,44.740002,44.740002,316000
2019-09-25,44.660000,45.349998,43.950001,44.099998,44.099998,713700
2019-09-26,44.119999,44.160000,42.599998,43.709999,43.709999,175800
2019-09-27,43.860001,44.009998,42.790001,43.209999,43.209999,227500
2019-09-30,42.919998,43.660000,41.130001,42.939999,42.939999,423700
2019-10-01,43.090000,44.110001,42.840000,43.419998,43.419998,251000
2019-10-02,43.099998,43.330002,42.099998,43.169998,43.169998,287700
2019-10-03,43.070000,44.250000,42.810001,44.000000,44.000000,268900
2019-10-04,44.000000,44.840000,43.869999,44.540001,44.540001,165300
2019-10-07,44.400002,44.580002,43.810001,44.430000,44.430000,129300
2019-10-08,44.430000,44.840000,43.849998,43.900002,43.900002,263500
2019-10-09,44.090000,44.230000,43.389999,43.509998,43.509998,187700
2019-10-10,43.299999,45.020000,41.849998,43.799999,43.799999,770500
2019-10-11,43.840000,44.110001,42.959999,43.029999,43.029999,350300
2019-10-14,43.240002,43.340000,42.150002,42.310001,42.310001,283700
2019-10-15,42.290001,42.660000,41.369999,42.360001,42.360001,310900
2019-10-16,42.180000,42.500000,41.950001,42.220001,42.220001,173900
2019-10-17,42.150002,43.049999,42.020000,43.009998,43.009998,190800
2019-10-18,42.820000,44.000000,42.779999,43.880001,43.880001,186000
2019-10-21,44.119999,44.340000,42.860001,43.000000,43.000000,241600
2019-10-22,43.330002,43.480000,42.700001,43.000000,43.000000,307700
2019-10-23,42.889999,43.080002,41.060001,41.080002,41.080002,261100
2019-10-24,41.099998,41.549999,40.869999,41.029999,41.029999,202000
2019-10-25,40.970001,41.910000,40.880001,41.889999,41.889999,191900
2019-10-28,41.830002,42.250000,41.450001,41.770000,41.770000,186300
2019-10-29,41.570000,42.869999,41.570000,42.810001,42.810001,184400
2019-10-30,42.889999,43.000000,42.380001,42.590000,42.590000,142100
2019-10-31,42.549999,43.680000,42.419998,43.590000,43.590000,388800
2019-11-01,44.490002,45.180000,40.900002,42.189999,42.189999,652600
2019-11-04,42.029999,43.080002,41.849998,42.290001,42.290001,324300
2019-11-05,42.299999,42.730000,41.869999,42.060001,42.060001,256300
2019-11-06,42.150002,42.619999,41.810001,42.529999,42.529999,150400
2019-11-07,42.459999,43.029999,41.259998,41.630001,41.630001,218500
2019-11-08,41.509998,42.360001,41.509998,42.209999,42.209999,146700
2019-11-11,42.000000,42.230000,41.040001,41.259998,41.259998,198900
2019-11-12,41.220001,41.610001,41.110001,41.330002,41.330002,124200
2019-11-13,41.200001,42.330002,41.200001,42.139999,42.139999,124500
2019-11-14,42.070000,42.549999,42.000000,42.270000,42.270000,88900
2019-11-15,42.450001,42.490002,41.439999,41.840000,41.840000,165100
2019-11-18,41.560001,42.169998,41.480000,42.020000,42.020000,124000
2019-11-19,41.930000,42.660000,41.799999,42.450001,42.450001,155400
2019-11-20,42.270000,44.110001,42.270000,44.020000,44.020000,613900
2019-11-21,43.980000,43.990002,43.490002,43.639999,43.639999,236700
2019-11-22,44.360001,44.360001,43.540001,44.189999,44.189999,159100
2019-11-25,44.299999,45.509998,44.200001,44.959999,44.959999,223200
2019-11-26,44.869999,46.340000,44.869999,46.340000,46.340000,198100
2019-11-27,46.290001,47.049999,46.160000,46.720001,46.720001,141700
2019-11-29,46.720001,47.200001,46.500000,46.709999,46.709999,67900
2019-12-02,46.700001,46.700001,45.549999,45.880001,45.880001,183700
2019-12-03,45.660000,46.240002,45.660000,46.200001,46.200001,111300
2019-12-04,46.209999,46.980000,46.080002,46.549999,46.549999,224400
2019-12-05,46.590000,46.959999,46.509998,46.840000,46.840000,147200
2019-12-06,46.900002,47.709999,46.900002,47.259998,47.259998,147800
2019-12-09,47.270000,47.320000,46.830002,47.139999,47.139999,95700
2019-12-10,46.950001,47.459999,46.950001,47.250000,47.250000,166400
2019-12-11,47.200001,47.570000,46.869999,47.529999,47.529999,95400
2019-12-12,47.290001,47.669998,46.240002,46.549999,46.549999,195500
2019-12-13,46.380001,46.799999,46.230000,46.450001,46.450001,194400
2019-12-16,46.889999,47.099998,46.259998,46.529999,46.529999,209100
2019-12-17,46.709999,46.900002,46.060001,46.259998,46.259998,138700
2019-12-18,46.299999,46.730000,45.740002,45.889999,45.889999,246900
2019-12-19,46.139999,46.169998,45.099998,45.369999,45.369999,207600
2019-12-20,45.480000,45.939999,45.000000,45.700001,45.700001,416900
2019-12-23,45.709999,45.709999,44.840000,45.020000,45.020000,192400
2019-12-24,45.000000,45.790001,44.630001,45.720001,45.720001,72800
2019-12-26,45.599998,45.740002,45.169998,45.689999,45.689999,162800
2019-12-27,45.970001,46.400002,45.570000,45.840000,45.840000,142100
2019-12-30,45.880001,46.060001,45.259998,45.990002,45.990002,127400
2019-12-31,45.750000,46.160000,45.439999,46.029999,46.029999,194600
2020-01-02,46.250000,46.250000,45.259998,45.959999,45.959999,138700
2020-01-03,45.680000,47.080002,45.630001,46.830002,46.830002,170500
2020-01-06,46.520000,47.750000,46.029999,47.689999,47.689999,238500
2020-01-07,47.509998,48.310001,47.200001,47.840000,47.840000,233100
2020-01-08,47.930000,48.139999,47.240002,47.400002,47.400002,156500
2020-01-09,47.330002,48.590000,47.240002,47.790001,47.790001,141600
2020-01-10,47.770000,47.970001,47.029999,47.320000,47.320000,177500
2020-01-13,47.509998,48.740002,47.509998,48.709999,48.709999,351200
2020-01-14,48.830002,50.369999,48.520000,49.400002,49.400002,379900
2020-01-15,50.020000,50.480000,49.610001,50.250000,50.250000,401100
2020-01-16,50.709999,51.060001,50.299999,50.570000,50.570000,320300
2020-01-17,50.770000,51.029999,49.459999,49.549999,49.549999,301500
2020-01-21,49.349998,49.590000,48.889999,49.520000,49.520000,308900
2020-01-22,49.700001,50.139999,49.389999,49.720001,49.720001,161000
2020-01-23,49.500000,50.330002,49.349998,50.220001,50.220001,218100
2020-01-24,50.080002,50.639999,49.299999,49.770000,49.770000,161000
2020-01-27,49.099998,50.599998,48.689999,50.580002,50.580002,435500
2020-01-28,50.790001,51.470001,50.480000,51.139999,51.139999,175000
2020-01-29,51.040001,51.490002,50.669998,51.250000,51.250000,182500
2020-01-30,51.080002,51.610001,50.369999,51.570000,51.570000,206300
2020-01-31,51.630001,51.970001,51.070000,51.189999,51.189999,271100
2020-02-03,51.459999,51.759998,50.650002,50.849998,50.849998,167400
2020-02-04,51.110001,51.950001,50.810001,51.029999,51.029999,151100
2020-02-05,51.130001,51.580002,50.500000,50.919998,50.919998,255400
2020-02-06,50.869999,51.040001,50.330002,50.689999,50.689999,251900
2020-02-07,50.779999,51.330002,50.560001,50.980000,50.980000,164600
2020-02-10,51.080002,52.360001,50.849998,52.330002,52.330002,148600
2020-02-11,52.680000,52.959999,52.180000,52.639999,52.639999,150400
2020-02-12,52.639999,52.740002,52.009998,52.439999,52.439999,187900
2020-02-13,52.330002,54.150002,52.080002,53.689999,53.689999,244500
2020-02-14,53.750000,54.880001,53.730000,54.689999,54.689999,159400
2020-02-18,54.650002,55.200001,54.029999,54.110001,54.110001,174000
2020-02-19,53.990002,55.000000,53.750000,54.889999,54.889999,194800
2020-02-20,54.779999,55.540001,53.959999,55.119999,55.119999,373400
2020-02-21,55.250000,56.139999,52.160000,53.540001,53.540001,501700
2020-02-24,52.869999,53.160000,51.200001,52.900002,52.900002,376400
2020-02-25,53.240002,53.490002,52.279999,53.070000,53.070000,445200
2020-02-26,53.049999,53.750000,52.299999,52.509998,52.509998,361600
2020-02-27,51.799999,52.099998,49.770000,50.500000,50.500000,548900
2020-02-28,49.090000,49.650002,47.639999,48.450001,48.450001,638700
2020-03-02,48.299999,49.439999,47.080002,49.419998,49.419998,639700
2020-03-03,49.599998,50.410000,48.669998,49.750000,49.750000,593800
2020-03-04,50.360001,53.330002,49.950001,53.040001,53.040001,453400
2020-03-05,52.419998,53.049999,51.369999,52.200001,52.200001,465000
2020-03-06,50.680000,50.900002,48.580002,50.070000,50.070000,594400
2020-03-09,47.500000,49.490002,47.310001,48.799999,48.799999,615100
2020-03-10,49.689999,50.369999,45.970001,49.470001,49.470001,660900
2020-03-11,48.340000,48.990002,45.740002,46.810001,46.810001,407100
2020-03-12,43.590000,44.610001,42.000000,43.430000,43.430000,609100
2020-03-13,45.049999,45.730000,41.410000,43.830002,43.830002,585600
2020-03-16,39.360001,41.630001,34.349998,39.849998,39.849998,1173600
2020-03-17,40.509998,47.240002,39.860001,46.650002,46.650002,838700
2020-03-18,43.939999,46.360001,38.970001,39.060001,39.060001,974900
2020-03-19,38.730000,43.689999,38.000000,40.730000,40.730000,567900
2020-03-20,40.830002,43.500000,40.060001,40.639999,40.639999,549600
2020-03-23,39.770000,40.410000,35.020000,36.119999,36.119999,565200
2020-03-24,37.610001,39.770000,35.919998,39.570000,39.570000,430400
2020-03-25,39.369999,42.060001,38.200001,40.869999,40.869999,700500
2020-03-26,41.189999,44.230000,40.630001,43.810001,43.810001,324800
2020-03-27,42.439999,43.560001,41.599998,41.990002,41.990002,280300
2020-03-30,42.299999,42.980000,40.540001,42.189999,42.189999,324000
2020-03-31,41.700001,42.410000,38.509998,39.060001,39.060001,750400
2020-04-01,37.810001,37.880001,35.180000,35.849998,35.849998,482200
2020-04-02,35.750000,40.160000,35.750000,39.980000,39.980000,560900
2020-04-03,39.930000,40.029999,37.810001,39.290001,39.290001,310200
2020-04-06,40.799999,42.910000,40.020000,42.669998,42.669998,349500
2020-04-07,43.980000,44.380001,42.709999,43.349998,43.349998,482700
2020-04-08,43.889999,46.750000,42.759998,46.160000,46.160000,459400
2020-04-09,47.189999,48.619999,46.130001,47.669998,47.669998,383100
2020-04-13,47.500000,48.750000,44.169998,44.730000,44.730000,306000
2020-04-14,45.750000,46.020000,43.720001,44.049999,44.049999,319900
2020-04-15,42.910000,44.220001,42.369999,42.930000,42.930000,335300
2020-04-16,43.450001,43.599998,42.200001,43.259998,43.259998,321400
2020-04-17,44.790001,45.000000,43.799999,44.340000,44.340000,270000
2020-04-20,43.389999,44.049999,42.400002,42.869999,42.869999,217400
2020-04-21,41.619999,43.189999,41.549999,41.820000,41.820000,203500
2020-04-22,42.560001,43.450001,41.750000,43.009998,43.009998,207600
2020-04-23,43.180000,43.930000,42.830002,43.689999,43.689999,289200
2020-04-24,43.709999,44.090000,42.880001,43.160000,43.160000,217300
2020-04-27,43.209999,46.230000,43.160000,45.750000,45.750000,490400
2020-04-28,46.810001,47.369999,45.509998,46.119999,46.119999,274100
2020-04-29,47.080002,48.250000,45.919998,47.240002,47.240002,318400
2020-04-30,46.200001,46.980000,45.549999,46.380001,46.380001,256300
2020-05-01,45.430000,46.599998,44.150002,44.970001,44.970001,199700
2020-05-04,44.160000,44.849998,43.029999,43.880001,43.880001,292700
2020-05-05,44.430000,46.660000,43.970001,46.060001,46.060001,368100
2020-05-06,46.750000,46.919998,44.900002,45.509998,45.509998,266100
2020-05-07,46.139999,47.889999,46.139999,47.290001,47.290001,381100
2020-05-08,49.790001,49.790001,46.660000,48.700001,48.700001,314500
2020-05-11,48.689999,50.279999,47.799999,49.720001,49.720001,321700
2020-05-12,49.139999,49.650002,48.349998,48.410000,48.410000,288700
2020-05-13,48.090000,48.720001,47.080002,48.150002,48.150002,230600
2020-05-14,47.119999,48.310001,46.610001,48.169998,48.169998,245800
2020-05-15,48.000000,48.340000,47.270000,47.830002,47.830002,162300
2020-05-18,49.000000,49.549999,48.630001,49.230000,49.230000,289800
2020-05-19,48.770000,50.810001,48.770000,48.900002,48.900002,298300
2020-05-20,49.450001,51.130001,49.000000,50.740002,50.740002,231800
2020-05-21,50.560001,51.150002,49.930000,50.490002,50.490002,144800
2020-05-22,50.380001,50.959999,50.009998,50.930000,50.930000,142400
2020-05-26,52.000000,52.220001,51.330002,52.000000,52.000000,190600
2020-05-27,52.740002,52.740002,50.099998,52.029999,52.029999,282000
2020-05-28,52.700001,53.169998,51.459999,51.570000,51.570000,411800
2020-05-29,51.340000,51.520000,50.389999,50.950001,50.950001,360200
2020-06-01,51.290001,51.500000,50.689999,50.869999,50.869999,247800
2020-06-02,51.040001,52.209999,50.700001,52.040001,52.040001,218300
2020-06-03,52.759998,54.000000,52.020000,53.580002,53.580002,236800
2020-06-04,52.950001,53.160000,51.009998,51.830002,51.830002,220700
2020-06-05,52.970001,53.070000,51.639999,51.810001,51.810001,451300
2020-06-08,51.910000,52.849998,50.730000,52.750000,52.750000,419800
2020-06-09,52.160000,52.330002,51.279999,51.419998,51.419998,265200
2020-06-10,51.389999,52.820000,50.790001,52.549999,52.549999,280300
2020-06-11,51.000000,51.500000,49.490002,49.730000,49.730000,339300
2020-06-12,51.189999,51.680000,48.570000,49.980000,49.980000,290400
2020-06-15,48.970001,50.799999,48.540001,50.299999,50.299999,334000
2020-06-16,51.840000,52.259998,50.619999,51.150002,51.150002,240600
2020-06-17,51.369999,51.389999,50.169998,50.400002,50.400002,415700
2020-06-18,49.939999,50.650002,49.509998,49.930000,49.930000,519000
2020-06-19,50.419998,50.480000,48.020000,48.070000,48.070000,539600
2020-06-22,47.820000,48.580002,47.439999,48.330002,48.330002,498900
2020-06-23,48.840000,50.669998,48.730000,50.540001,50.540001,649400
2020-06-24,50.209999,50.430000,48.410000,49.060001,49.060001,309900
2020-06-25,48.919998,49.830002,48.150002,49.740002,49.740002,228400
2020-06-26,49.340000,50.470001,49.139999,49.590000,49.590000,481300
2020-06-29,50.040001,50.919998,49.270000,50.570000,50.570000,229700
2020-06-30,50.560001,52.230000,50.060001,52.119999,52.119999,350600
2020-07-01,52.080002,52.750000,51.849998,52.380001,52.380001,230300
2020-07-02,52.830002,53.070000,51.709999,51.900002,51.900002,160400
2020-07-06,52.939999,52.939999,51.380001,51.900002,51.900002,212500
2020-07-07,51.580002,52.150002,50.000000,51.029999,51.029999,231100
2020-07-08,51.040001,51.430000,50.630001,50.990002,50.990002,168300
2020-07-09,50.730000,51.189999,49.660000,50.740002,50.740002,176500
2020-07-10,50.810001,51.580002,50.369999,51.430000,51.430000,123700
2020-07-13,51.970001,52.000000,50.349998,50.369999,50.369999,249900
2020-07-14,50.619999,52.230000,50.450001,52.180000,52.180000,175700
2020-07-15,53.000000,53.689999,52.290001,53.209999,53.209999,242000
2020-07-16,53.090000,53.650002,52.430000,53.389999,53.389999,215000
2020-07-17,53.209999,54.540001,52.849998,54.349998,54.349998,182700
2020-07-20,54.400002,55.310001,54.070000,54.080002,54.080002,186300
2020-07-21,54.279999,54.700001,53.360001,53.470001,53.470001,218700
2020-07-22,53.500000,54.009998,53.250000,53.820000,53.820000,236000
2020-07-23,54.020000,55.590000,53.490002,53.689999,53.689999,200900
2020-07-24,53.630001,54.480000,53.410000,53.720001,53.720001,172800
2020-07-27,53.639999,54.200001,53.459999,53.980000,53.980000,153600
2020-07-28,53.700001,54.139999,53.099998,53.160000,53.160000,344100
2020-07-29,53.689999,55.000000,53.599998,54.639999,54.639999,238900
2020-07-30,54.340000,55.130001,53.540001,54.910000,54.910000,182100
2020-07-31,54.599998,55.580002,54.020000,55.410000,55.410000,202300
2020-08-03,55.849998,57.000000,55.060001,56.910000,56.910000,264200
2020-08-04,56.990002,59.680000,55.279999,55.580002,55.580002,321800
2020-08-05,55.959999,55.959999,54.540001,55.049999,55.049999,395900
2020-08-06,55.040001,56.020000,54.970001,56.009998,56.009998,478200
2020-08-07,56.090000,57.060001,55.740002,56.599998,56.599998,180600
2020-08-10,56.849998,57.310001,56.340000,56.980000,56.980000,258400
2020-08-11,57.259998,57.400002,55.099998,55.490002,55.490002,263300
2020-08-12,55.910000,56.750000,55.470001,55.570000,55.570000,234500
2020-08-13,55.389999,56.250000,55.000000,55.650002,55.650002,224100
2020-08-14,55.220001,55.650002,54.990002,55.240002,55.240002,101100
2020-08-17,55.299999,56.570000,55.279999,56.000000,56.000000,146600
2020-08-18,56.000000,56.430000,55.450001,56.099998,56.099998,212400
2020-08-19,56.099998,56.830002,55.700001,56.299999,56.299999,311100
2020-08-20,55.750000,56.509998,55.750000,56.160000,56.160000,121500
2020-08-21,56.130001,56.439999,55.150002,56.340000,56.340000,141800
2020-08-24,56.709999,56.750000,55.799999,56.599998,56.599998,154200
2020-08-25,56.860001,56.860001,55.980000,56.430000,56.430000,113600
2020-08-26,56.349998,56.900002,55.820000,56.560001,56.560001,192300
2020-08-27,56.860001,56.860001,55.919998,56.290001,56.290001,181200
2020-08-28,56.660000,56.660000,55.939999,56.220001,56.220001,167900
2020-08-31,55.930000,57.099998,55.930000,56.150002,56.150002,279300
2020-09-01,56.029999,56.970001,56.009998,56.950001,56.950001,228100
2020-09-02,56.950001,58.869999,56.529999,58.500000,58.500000,208200
2020-09-03,58.570000,58.570000,55.669998,55.950001,55.950001,271700
2020-09-04,56.689999,57.099998,54.669998,55.590000,55.590000,270400
2020-09-08,55.290001,55.639999,54.599998,54.650002,54.650002,374600
2020-09-09,54.930000,56.410000,54.930000,55.919998,55.919998,290000
2020-09-10,56.080002,56.119999,54.750000,54.770000,54.770000,198800
2020-09-11,54.970001,55.840000,54.369999,54.660000,54.660000,243000
2020-09-14,55.040001,55.419998,54.779999,55.009998,55.009998,366900
2020-09-15,55.369999,55.459999,54.049999,54.110001,54.110001,225900
2020-09-16,54.430000,55.580002,54.430000,55.240002,55.240002,506100
2020-09-17,54.590000,56.779999,54.560001,56.330002,56.330002,549000
2020-09-18,56.709999,56.709999,54.840000,55.500000,55.500000,678100
2020-09-21,54.410000,55.200001,53.250000,53.880001,53.880001,429700
2020-09-22,53.799999,54.389999,53.250000,53.439999,53.439999,570400
2020-09-23,53.349998,53.360001,51.980000,52.160000,52.160000,310900
2020-09-24,54.770000,54.990002,52.889999,54.080002,54.080002,214400
2020-09-25,53.669998,55.259998,53.639999,55.139999,55.139999,241700
2020-09-28,55.580002,56.099998,55.110001,55.549999,55.549999,215000
2020-09-29,55.549999,56.290001,55.500000,56.070000,56.070000,202800
2020-09-30,56.240002,56.770000,55.480000,55.849998,55.849998,234500
2020-10-01,55.810001,56.740002,55.389999,56.720001,56.720001,280100
2020-10-02,55.770000,58.090000,55.750000,57.509998,57.509998,260000
2020-10-05,57.830002,58.310001,57.009998,57.700001,57.700001,138600
2020-10-06,57.930000,59.070000,57.529999,57.720001,57.720001,172700
2020-10-07,58.500000,59.040001,57.840000,58.880001,58.880001,275100
2020-10-08,59.000000,59.990002,58.720001,59.419998,59.419998,269700
2020-10-09,59.770000,60.000000,58.799999,59.750000,59.750000,128300
2020-10-12,59.959999,61.470001,59.959999,61.200001,61.200001,209600
2020-10-13,60.820000,61.669998,60.290001,60.360001,60.360001,138100
2020-10-14,60.689999,61.009998,59.900002,59.939999,59.939999,92700
2020-10-15,61.119999,61.400002,59.950001,61.220001,61.220001,123800
2020-10-16,61.090000,61.770000,60.840000,60.910000,60.910000,93000
2020-10-19,61.279999,61.660000,60.080002,60.340000,60.340000,166900
2020-10-20,60.630001,61.000000,59.959999,60.099998,60.099998,163000
2020-10-21,56.250000,57.549999,55.660000,57.000000,57.000000,1780400
2020-10-22,57.400002,58.540001,56.520000,57.020000,57.020000,423000
2020-10-23,57.220001,58.450001,56.930000,58.220001,58.220001,231200
2020-10-26,57.540001,58.040001,56.810001,57.869999,57.869999,273400
2020-10-27,58.009998,58.490002,57.299999,57.340000,57.340000,157900
2020-10-28,56.490002,56.750000,55.340000,55.680000,55.680000,165000
2020-10-29,55.540001,55.570000,54.540001,55.189999,55.189999,248700
2020-10-30,54.709999,55.700001,53.709999,53.990002,53.990002,309700
2020-11-02,54.990002,55.340000,54.020000,54.630001,54.630001,233200
2020-11-03,55.639999,56.200001,54.950001,55.840000,55.840000,385100
2020-11-04,55.389999,57.869999,55.240002,57.259998,57.259998,201500
2020-11-05,58.049999,58.950001,57.410000,58.389999,58.389999,213300
2020-11-06,58.369999,58.480000,56.330002,57.830002,57.830002,204500
2020-11-09,60.000000,61.000000,58.650002,58.750000,58.750000,351200
2020-11-10,59.119999,60.410000,58.759998,59.700001,59.700001,306600
2020-11-11,59.910000,60.040001,58.910000,59.970001,59.970001,150700
2020-11-12,59.869999,59.930000,58.860001,59.220001,59.220001,275300
2020-11-13,59.660000,60.029999,59.279999,59.830002,59.830002,144800
2020-11-16,60.369999,61.330002,59.630001,61.049999,61.049999,266200
2020-11-17,60.639999,61.020000,59.840000,60.990002,60.990002,207700
2020-11-18,61.349998,61.490002,59.599998,59.619999,59.619999,167100
2020-11-19,59.369999,60.540001,59.110001,59.959999,59.959999,172100
2020-11-20,59.560001,60.689999,59.020000,60.520000,60.520000,225300
2020-11-23,60.770000,61.419998,59.480000,60.849998,60.849998,239200
2020-11-24,61.029999,61.500000,60.380001,60.419998,60.419998,253000
2020-11-25,60.500000,61.040001,59.610001,60.040001,60.040001,157900
2020-11-27,59.770000,60.299999,59.290001,59.700001,59.700001,80000
2020-11-30,59.529999,60.230000,59.160000,60.180000,60.180000,366700
2020-12-01,60.000000,60.779999,59.639999,60.470001,60.470001,364400
2020-12-02,60.290001,60.610001,58.209999,58.459999,58.459999,181200
2020-12-03,58.340000,58.779999,57.610001,57.930000,57.930000,197300
2020-12-04,57.950001,59.099998,57.650002,58.750000,58.750000,209800
2020-12-07,58.770000,60.090000,58.770000,59.500000,59.500000,241200
2020-12-08,59.099998,59.889999,58.860001,59.400002,59.400002,232600
2020-12-09,59.820000,60.520000,57.900002,58.549999,58.549999,173100
2020-12-10,58.529999,59.139999,58.279999,58.880001,58.880001,230600
2020-12-11,58.980000,59.310001,57.959999,58.599998,58.599998,101300