Date,Open,High,Low,Close,Adj Close,Volume
2004-01-23,7.391304,7.391304,6.956522,7.391304,2.479014,12000
2004-01-26,6.956522,7.391304,6.956522,7.391304,2.479014,1200
2004-01-27,7.826087,7.826087,7.826087,7.826087,2.624839,800
2004-01-28,8.260870,8.260870,7.173913,7.173913,2.406102,1000
2004-01-29,8.260870,8.260870,8.260870,8.260870,2.770663,200
2004-01-30,8.260870,8.695652,8.043478,8.695652,2.916487,1800
2004-02-02,8.695652,8.695652,8.695652,8.695652,2.916487,0
2004-02-03,8.695652,8.695652,8.695652,8.695652,2.916487,0
2004-02-04,8.695652,8.695652,8.695652,8.695652,2.916487,0
2004-02-05,8.695652,8.695652,8.695652,8.695652,2.916487,0
2004-02-06,8.695652,8.695652,8.260870,8.260870,2.770663,1300
2004-02-09,8.695652,8.695652,8.260870,8.260870,2.770663,400
2004-02-10,8.260870,8.260870,8.260870,8.260870,2.770663,0
2004-02-11,8.260870,8.260870,8.260870,8.260870,2.770663,0
2004-02-12,8.260870,8.260870,8.260870,8.260870,2.770663,0
2004-02-13,8.260870,8.260870,8.260870,8.260870,2.770663,0
2004-02-17,7.391304,7.391304,7.391304,7.391304,2.479014,100
2004-02-18,7.391304,7.391304,7.391304,7.391304,2.479014,0
2004-02-19,7.391304,7.391304,7.391304,7.391304,2.479014,200
2004-02-20,7.391304,7.391304,7.391304,7.391304,2.479014,0
2004-02-23,7.391304,7.391304,7.391304,7.391304,2.479014,0
2004-02-24,7.391304,7.391304,7.391304,7.391304,2.479014,0
2004-02-25,7.391304,7.391304,7.391304,7.391304,2.479014,0
2004-02-26,7.391304,7.391304,7.391304,7.391304,2.479014,0
2004-02-27,7.391304,7.391304,7.391304,7.391304,2.479014,0
2004-03-01,7.608696,7.608696,7.608696,7.608696,2.551926,200
2004-03-02,7.608696,7.608696,7.608696,7.608696,2.551926,100
2004-03-03,8.695652,8.695652,8.695652,8.695652,2.916487,500
2004-03-04,8.695652,8.695652,8.695652,8.695652,2.916487,0
2004-03-05,8.695652,8.695652,8.695652,8.695652,2.916487,0
2004-03-08,8.695652,8.695652,8.695652,8.695652,2.916487,0
2004-03-09,8.695652,8.695652,8.695652,8.695652,2.916487,0
2004-03-10,8.478261,8.521739,8.478261,8.521739,2.858158,800
2004-03-11,7.608696,7.913043,7.608696,7.608696,2.551926,1400
2004-03-12,7.913043,7.913043,7.913043,7.913043,2.654004,400
2004-03-15,7.826087,7.826087,7.826087,7.826087,2.624839,600
2004-03-16,7.826087,7.826087,7.826087,7.826087,2.624839,0
2004-03-17,7.826087,7.826087,7.826087,7.826087,2.624839,0
2004-03-18,7.826087,7.826087,7.826087,7.826087,2.624839,0
2004-03-19,7.826087,7.826087,7.826087,7.826087,2.624839,0
2004-03-22,7.826087,7.826087,7.826087,7.826087,2.624839,0
2004-03-23,8.304348,8.304348,8.304348,8.304348,2.785245,400
2004-03-24,7.608696,7.608696,7.608696,7.608696,2.551926,400
2004-03-25,7.608696,7.608696,7.608696,7.608696,2.551926,0
2004-03-26,7.608696,7.608696,7.608696,7.608696,2.551926,0
2004-03-29,8.260870,8.260870,8.260870,8.260870,2.770663,500
2004-03-30,8.043478,8.043478,8.043478,8.043478,2.697751,200
2004-03-31,8.043478,8.043478,8.043478,8.043478,2.697751,0
2004-04-01,8.695652,8.695652,8.260870,8.260870,2.770663,8200
2004-04-02,8.043478,8.695652,8.043478,8.260870,2.770663,1900
2004-04-05,8.478261,8.478261,8.478261,8.478261,2.843575,900
2004-04-06,7.565217,7.565217,7.565217,7.565217,2.537344,1000
2004-04-07,8.695652,8.695652,8.695652,8.695652,2.916487,200
2004-04-08,8.695652,8.695652,8.695652,8.695652,2.916487,0
2004-04-12,7.608696,7.608696,7.608696,7.608696,2.551926,400
2004-04-13,7.608696,7.608696,7.478261,7.608696,2.551926,4300
2004-04-14,7.478261,7.608696,7.391304,7.391304,2.479014,2000
2004-04-15,7.391304,7.391304,7.391304,7.391304,2.479014,400
2004-04-16,7.391304,7.391304,7.391304,7.391304,2.479014,0
2004-04-19,7.478261,7.478261,7.478261,7.478261,2.508179,300
2004-04-20,7.478261,7.608696,7.478261,7.608696,2.551926,1700
2004-04-21,7.608696,7.608696,7.608696,7.608696,2.551926,0
2004-04-22,7.391304,7.391304,7.391304,7.391304,2.479014,900
2004-04-23,7.391304,7.391304,7.391304,7.391304,2.479014,0
2004-04-26,7.391304,7.391304,7.391304,7.391304,2.479014,0
2004-04-27,7.521739,7.826087,7.521739,7.826087,2.624839,1000
2004-04-28,7.695652,8.608696,7.521739,7.608696,2.551926,4100
2004-04-29,8.608696,8.608696,8.260870,8.260870,2.770663,400
2004-04-30,8.260870,8.260870,8.260870,8.260870,2.770663,0
2004-05-03,8.608696,8.608696,8.608696,8.608696,2.887322,2700
2004-05-04,8.608696,8.608696,8.608696,8.608696,2.887322,0
2004-05-05,7.826087,7.826087,7.521739,7.608696,2.551926,3100
2004-05-06,7.565217,7.565217,7.565217,7.565217,2.537344,800
2004-05-07,7.565217,7.565217,7.565217,7.565217,2.537344,0
2004-05-10,7.565217,7.565217,7.565217,7.565217,2.537344,0
2004-05-11,7.565217,7.608696,7.521739,7.521739,2.522762,4000
2004-05-12,7.391304,7.478261,7.347826,7.347826,2.464432,1700
2004-05-13,7.347826,7.347826,7.347826,7.347826,2.464432,600
2004-05-14,7.347826,8.608696,7.347826,8.608696,2.887322,6300
2004-05-17,8.608696,8.608696,8.608696,8.608696,2.887322,0
2004-05-18,7.826087,7.826087,7.826087,7.826087,2.624839,400
2004-05-19,7.826087,7.826087,7.826087,7.826087,2.624839,300
2004-05-20,7.826087,8.608696,7.826087,8.608696,2.887322,600
2004-05-21,8.043478,8.043478,8.043478,8.043478,2.697751,1100
2004-05-24,8.043478,8.043478,8.043478,8.043478,2.697751,0
2004-05-25,8.260870,8.260870,7.826087,7.826087,2.624839,4000
2004-05-26,7.826087,7.826087,7.826087,7.826087,2.624839,500
2004-05-27,7.826087,7.826087,7.826087,7.826087,2.624839,0
2004-05-28,7.826087,7.826087,7.826087,7.826087,2.624839,0
2004-06-01,8.260870,8.260870,8.260870,8.260870,2.770663,2000
2004-06-02,8.260870,8.260870,8.260870,8.260870,2.770663,0
2004-06-03,7.826087,7.826087,7.826087,7.826087,2.624839,200
2004-06-04,8.043478,8.043478,8.043478,8.043478,2.697751,800
2004-06-07,8.043478,8.043478,8.043478,8.043478,2.697751,0
2004-06-08,8.043478,8.043478,8.043478,8.043478,2.697751,900
2004-06-09,8.043478,8.043478,8.043478,8.043478,2.697751,0
2004-06-10,7.826087,7.826087,7.826087,7.826087,2.624839,2400
2004-06-14,7.826087,7.826087,7.826087,7.826087,2.624839,900
2004-06-15,7.826087,7.826087,7.826087,7.826087,2.624839,200
2004-06-16,7.826087,7.826087,7.826087,7.826087,2.624839,100
2004-06-17,7.826087,7.826087,7.826087,7.826087,2.624839,0
2004-06-18,7.826087,7.826087,7.826087,7.826087,2.624839,0
2004-06-21,8.130435,8.130435,8.130435,8.130435,2.726915,100
2004-06-22,8.130435,8.130435,8.130435,8.130435,2.726915,0
2004-06-23,7.826087,7.826087,7.826087,7.826087,2.624839,1300
2004-06-24,7.826087,7.826087,7.826087,7.826087,2.624839,0
2004-06-25,7.826087,7.826087,7.434783,7.434783,2.493597,2100
2004-06-28,7.739130,7.739130,7.739130,7.739130,2.595673,300
2004-06-29,7.434783,7.434783,7.434783,7.434783,2.493597,500
2004-06-30,8.043478,8.043478,8.043478,8.043478,2.697751,500
2004-07-01,8.043478,8.043478,7.826087,7.826087,2.624839,3100
2004-07-02,7.826087,7.826087,7.826087,7.826087,2.624839,800
2004-07-06,7.826087,7.834783,7.826087,7.834783,2.627755,1400
2004-07-07,7.834783,7.834783,7.834783,7.834783,2.627755,0
2004-07-08,7.834783,7.834783,7.834783,7.834783,2.627755,0
2004-07-09,7.834783,7.834783,7.834783,7.834783,2.627755,0
2004-07-12,7.834783,7.834783,7.834783,7.834783,2.627755,0
2004-07-13,7.834783,7.834783,7.834783,7.834783,2.627755,0
2004-07-14,7.826087,7.834783,7.739130,7.739130,2.595673,3100
2004-07-15,7.652174,7.652174,7.652174,7.652174,2.566509,400
2004-07-16,7.652174,7.652174,7.652174,7.652174,2.566509,0
2004-07-19,7.652174,7.652174,7.652174,7.652174,2.566509,0
2004-07-20,7.565217,7.913043,7.565217,7.913043,2.654004,500
2004-07-21,7.652174,7.652174,7.652174,7.652174,2.566509,1000
2004-07-22,7.652174,7.652174,7.652174,7.652174,2.566509,0
2004-07-23,7.652174,7.652174,7.652174,7.652174,2.566509,0
2004-07-26,8.000000,8.000000,7.652174,7.652174,2.566509,1900
2004-07-27,8.000000,8.000000,8.000000,8.000000,2.683168,600
2004-07-28,8.000000,8.000000,8.000000,8.000000,2.683168,0
2004-07-29,8.000000,8.000000,8.000000,8.000000,2.683168,0
2004-07-30,7.826087,8.043478,7.826087,8.043478,2.697751,4800
2004-08-02,8.130435,8.130435,7.652174,7.826087,2.624839,2300
2004-08-03,7.826087,7.826087,7.826087,7.826087,2.624839,0
2004-08-04,7.826087,7.826087,7.826087,7.826087,2.624839,0
2004-08-05,7.826087,7.826087,7.826087,7.826087,2.624839,0
2004-08-06,7.826087,7.826087,7.826087,7.826087,2.624839,0
2004-08-09,7.739130,7.739130,7.739130,7.739130,2.595673,500
2004-08-10,7.739130,7.739130,7.739130,7.739130,2.595673,0
2004-08-11,7.739130,7.739130,7.739130,7.739130,2.595673,300
2004-08-12,7.739130,7.739130,7.739130,7.739130,2.595673,0
2004-08-13,7.739130,7.826087,7.739130,7.826087,2.624839,2100
2004-08-16,7.826087,7.826087,7.826087,7.826087,2.624839,0
2004-08-17,7.826087,7.826087,7.826087,7.826087,2.624839,0
2004-08-18,7.826087,7.826087,7.826087,7.826087,2.624839,0
2004-08-19,7.695652,8.130435,7.695652,8.043478,2.697751,1900
2004-08-20,8.043478,8.043478,8.043478,8.043478,2.697751,0
2004-08-23,7.695652,7.695652,7.695652,7.695652,2.581091,1100
2004-08-24,7.695652,7.695652,7.695652,7.695652,2.581091,2000
2004-08-25,7.695652,7.695652,7.695652,7.695652,2.581091,0
2004-08-26,7.695652,7.739130,7.652174,7.652174,2.566509,3400
2004-08-27,7.652174,7.739130,7.652174,7.739130,2.595673,3600
2004-08-30,7.652174,7.652174,7.652174,7.652174,2.566509,500
2004-08-31,7.652174,7.652174,7.652174,7.652174,2.566509,2600
2004-09-01,7.652174,8.260870,7.652174,8.043478,2.697751,8800
2004-09-02,8.043478,8.043478,8.043478,8.043478,2.697751,0
2004-09-03,8.043478,8.043478,8.043478,8.043478,2.697751,0
2004-09-07,8.043478,8.043478,8.043478,8.043478,2.697751,0
2004-09-08,7.826087,7.826087,7.826087,7.826087,2.624839,400
2004-09-09,7.826087,7.826087,7.826087,7.826087,2.624839,500
2004-09-10,7.826087,7.826087,7.826087,7.826087,2.624839,0
2004-09-13,7.826087,7.826087,7.826087,7.826087,2.624839,0
2004-09-14,7.826087,7.826087,7.652174,7.652174,2.566509,5400
2004-09-15,7.739130,7.739130,7.739130,7.739130,2.595673,500
2004-09-16,7.739130,7.739130,7.739130,7.739130,2.595673,1100
2004-09-17,7.739130,7.739130,7.739130,7.739130,2.595673,400
2004-09-20,7.739130,7.739130,7.739130,7.739130,2.595673,0
2004-09-21,7.739130,7.739130,7.739130,7.739130,2.595673,0
2004-09-22,7.834783,7.956522,7.834783,7.956522,2.668586,1400
2004-09-23,7.826087,8.000000,7.826087,8.000000,2.683168,2500
2004-09-24,7.826087,7.826087,7.826087,7.826087,2.624839,200
2004-09-27,7.826087,7.826087,7.826087,7.826087,2.624839,0
2004-09-28,7.826087,7.826087,7.826087,7.826087,2.624839,600
2004-09-29,7.826087,7.826087,7.826087,7.826087,2.624839,0
2004-09-30,7.826087,7.826087,7.826087,7.826087,2.624839,1000
2004-10-01,7.869565,7.869565,7.652174,7.652174,2.566509,4600
2004-10-04,7.652174,7.652174,7.652174,7.652174,2.566509,1700
2004-10-05,7.652174,7.652174,7.652174,7.652174,2.566509,0
2004-10-06,7.739130,7.913043,7.652174,7.913043,2.654004,3100
2004-10-07,7.652174,7.652174,7.434783,7.434783,2.493597,3400
2004-10-08,7.652174,7.652174,7.652174,7.652174,2.566509,500
2004-10-11,7.652174,7.652174,7.652174,7.652174,2.566509,0
2004-10-12,7.652174,7.652174,7.652174,7.652174,2.566509,0
2004-10-13,7.478261,7.608696,7.478261,7.608696,2.551926,1000
2004-10-14,7.521739,7.521739,7.391304,7.391304,2.479014,6700
2004-10-15,7.391304,7.391304,7.391304,7.391304,2.479014,0
2004-10-18,7.391304,7.391304,7.391304,7.391304,2.479014,0
2004-10-19,7.304348,7.304348,7.304348,7.304348,2.449849,900
2004-10-20,7.304348,7.304348,7.304348,7.304348,2.449849,0
2004-10-21,7.304348,7.304348,7.304348,7.304348,2.449849,0
2004-10-22,7.304348,7.304348,7.304348,7.304348,2.449849,300
2004-10-25,7.304348,7.304348,7.304348,7.304348,2.449849,0
2004-10-26,7.304348,7.304348,7.304348,7.304348,2.449849,0
2004-10-27,7.304348,7.391304,7.304348,7.391304,2.479014,1800
2004-10-28,7.391304,7.391304,7.391304,7.391304,2.479014,0
2004-10-29,7.391304,7.391304,7.391304,7.391304,2.479014,0
2004-11-01,7.608696,7.826087,7.478261,7.826087,2.624839,4200
2004-11-02,7.782609,7.782609,7.782609,7.782609,2.610256,100
2004-11-03,7.304348,7.304348,7.304348,7.304348,2.449849,300
2004-11-04,7.173913,8.000000,7.173913,8.000000,2.683168,2400
2004-11-05,8.000000,8.000000,8.000000,8.000000,2.683168,0
2004-11-08,8.000000,8.000000,8.000000,8.000000,2.683168,0
2004-11-09,7.173913,7.173913,7.173913,7.173913,2.406102,1700
2004-11-10,7.391304,7.391304,7.391304,7.391304,2.479014,1600
2004-11-11,7.391304,7.391304,7.391304,7.391304,2.479014,0
2004-11-12,7.391304,7.391304,7.391304,7.391304,2.479014,0
2004-11-15,7.391304,7.391304,7.391304,7.391304,2.479014,0
2004-11-16,7.304348,7.304348,7.304348,7.304348,2.449849,200
2004-11-17,7.304348,7.304348,7.304348,7.304348,2.449849,0
2004-11-18,7.956522,8.347826,7.739130,7.739130,2.595673,18000
2004-11-19,7.826087,7.956522,7.434783,7.434783,2.493597,18000
2004-11-22,7.478261,7.478261,7.478261,7.478261,2.508179,200
2004-11-23,7.478261,7.478261,7.478261,7.478261,2.508179,0
2004-11-24,7.478261,7.565217,7.478261,7.478261,2.508179,2600
2004-11-26,7.434783,7.478261,7.434783,7.434783,2.493597,1000
2004-11-29,7.434783,7.478261,7.434783,7.434783,2.493597,2600
2004-11-30,7.608696,7.608696,7.434783,7.434783,2.493597,800
2004-12-01,8.043478,8.043478,8.043478,8.043478,2.697751,2000
2004-12-02,8.043478,8.043478,8.043478,8.043478,2.697751,0
2004-12-03,8.043478,8.043478,8.043478,8.043478,2.697751,1400
2004-12-06,7.913043,7.913043,7.913043,7.913043,2.654004,500
2004-12-07,7.913043,7.913043,7.913043,7.913043,2.654004,300
2004-12-08,7.913043,7.913043,7.913043,7.913043,2.654004,300
2004-12-09,7.913043,7.913043,7.913043,7.913043,2.654004,0
2004-12-10,7.913043,7.913043,7.913043,7.913043,2.654004,0
2004-12-13,7.913043,7.913043,7.913043,7.913043,2.654004,0
2004-12-14,7.913043,7.913043,7.913043,7.913043,2.654004,0
2004-12-15,7.608696,7.608696,7.608696,7.608696,2.551926,300
2004-12-16,7.608696,7.608696,7.608696,7.608696,2.610398,0
2004-12-17,7.173913,7.391304,7.173913,7.391304,2.535815,2300
2004-12-20,7.391304,7.826087,7.391304,7.391304,2.535815,2000
2004-12-21,7.391304,7.565217,7.391304,7.434783,2.550732,11200
2004-12-22,7.486957,7.486957,7.486957,7.486957,2.568631,1300
2004-12-23,7.652174,7.652174,7.652174,7.652174,2.625314,200
2004-12-27,7.565217,7.565217,7.478261,7.478261,2.565648,1100
2004-12-28,7.478261,7.565217,7.478261,7.521739,2.580565,3400
2004-12-29,7.478261,7.608696,7.478261,7.565217,2.595481,2900
2004-12-30,7.608696,7.608696,7.565217,7.565217,2.595481,1600
2004-12-31,7.565217,7.565217,7.565217,7.565217,2.595481,0
2005-01-03,7.652174,8.086957,7.643478,8.086957,2.774480,4200
2005-01-04,7.565217,7.565217,7.565217,7.565217,2.595481,500
2005-01-05,7.565217,7.565217,7.565217,7.565217,2.595481,0
2005-01-06,7.660870,7.660870,7.660870,7.660870,2.628297,300
2005-01-07,7.565217,7.652174,7.565217,7.565217,2.595481,500
2005-01-10,7.565217,7.565217,7.565217,7.565217,2.595481,0
2005-01-11,7.565217,7.565217,7.565217,7.565217,2.595481,0
2005-01-12,7.565217,7.565217,7.565217,7.565217,2.595481,0
2005-01-13,7.565217,7.565217,7.565217,7.565217,2.595481,0
2005-01-14,7.565217,7.565217,7.565217,7.565217,2.595481,500
2005-01-18,7.565217,7.652174,7.565217,7.652174,2.625314,600
2005-01-19,7.652174,7.652174,7.652174,7.652174,2.625314,0
2005-01-20,7.565217,7.652174,7.565217,7.652174,2.625314,500
2005-01-21,7.652174,7.652174,7.652174,7.652174,2.625314,0
2005-01-24,7.826087,8.043478,7.565217,7.565217,2.595481,900
2005-01-25,7.608696,7.608696,7.608696,7.608696,2.610398,1400
2005-01-26,7.608696,7.608696,7.608696,7.608696,2.610398,0
2005-01-27,7.913043,8.304348,7.913043,8.260870,2.834146,51600
2005-01-28,8.260870,8.304348,7.956522,7.956522,2.729730,3400
2005-01-31,7.956522,7.956522,7.956522,7.956522,2.729730,1400
2005-02-01,7.956522,8.304348,7.956522,8.304348,2.849063,4600
2005-02-02,8.304348,8.304348,7.956522,7.956522,2.729730,1800
2005-02-03,7.956522,7.956522,7.956522,7.956522,2.729730,1800
2005-02-04,7.956522,7.956522,7.956522,7.956522,2.729730,1800
2005-02-07,7.956522,7.956522,7.956522,7.956522,2.729730,900
2005-02-08,7.956522,7.956522,7.956522,7.956522,2.729730,1000
2005-02-09,7.956522,7.956522,7.956522,7.956522,2.729730,500
2005-02-10,7.956522,7.956522,7.956522,7.956522,2.729730,300
2005-02-11,7.956522,7.956522,7.956522,7.956522,2.729730,300
2005-02-14,7.956522,7.956522,7.956522,7.956522,2.729730,800
2005-02-15,7.913043,7.913043,7.913043,7.913043,2.714813,900
2005-02-16,7.913043,8.260870,7.913043,8.260870,2.834146,2000
2005-02-17,8.000000,8.000000,8.000000,8.000000,2.744647,600
2005-02-18,8.000000,8.000000,8.000000,8.000000,2.744647,0
2005-02-22,8.000000,8.130435,7.739130,7.739130,2.655147,4000
2005-02-23,7.652174,7.652174,7.652174,7.652174,2.625314,3200
2005-02-24,7.652174,7.739130,7.652174,7.652174,2.625314,1300
2005-02-25,7.652174,7.895652,7.652174,7.895652,2.708847,1600
2005-02-28,7.652174,7.652174,7.652174,7.652174,2.625314,400
2005-03-01,7.652174,8.260870,7.652174,8.260870,2.834146,6200
2005-03-02,7.652174,7.826087,7.652174,7.826087,2.684980,1100
2005-03-03,7.565217,7.652174,7.565217,7.565217,2.595481,2700
2005-03-04,7.565217,7.565217,7.565217,7.565217,2.595481,0
2005-03-07,7.565217,7.565217,7.565217,7.565217,2.595481,0
2005-03-08,7.565217,7.565217,7.565217,7.565217,2.595481,0
2005-03-09,7.478261,7.565217,7.478261,7.565217,2.595481,200
2005-03-10,7.565217,7.565217,7.565217,7.565217,2.595481,0
2005-03-11,7.565217,7.565217,7.565217,7.565217,2.595481,0
2005-03-14,7.478261,7.478261,7.478261,7.478261,2.565648,600
2005-03-15,7.478261,7.521739,7.478261,7.478261,2.565648,1100
2005-03-16,7.521739,7.521739,7.478261,7.478261,2.565648,2000
2005-03-17,7.478261,7.478261,7.478261,7.478261,2.565648,900
2005-03-18,7.782609,7.782609,7.782609,7.782609,2.670064,1600
2005-03-21,7.478261,7.478261,7.478261,7.478261,2.565648,2000
2005-03-22,7.478261,7.478261,7.478261,7.478261,2.565648,200
2005-03-23,7.478261,7.478261,7.478261,7.478261,2.565648,0
2005-03-24,7.478261,7.478261,7.478261,7.478261,2.565648,0
2005-03-28,7.478261,7.478261,7.478261,7.478261,2.565648,0
2005-03-29,7.478261,7.478261,7.478261,7.478261,2.565648,2600
2005-03-30,7.478261,7.478261,7.478261,7.478261,2.565648,500
2005-03-31,7.478261,7.565217,7.391304,7.391304,2.535815,2700
2005-04-01,7.739130,7.739130,7.391304,7.391304,2.535815,2900
2005-04-04,7.391304,7.391304,6.956522,7.130435,2.446316,20200
2005-04-05,6.956522,7.130435,6.956522,6.956522,2.386649,4600
2005-04-06,6.956522,7.147826,6.956522,7.147826,2.452282,1100
2005-04-07,7.304348,7.304348,7.217391,7.260870,2.491066,5600
2005-04-08,7.521739,7.521739,7.521739,7.521739,2.580565,200
2005-04-11,7.521739,7.521739,7.521739,7.521739,2.580565,0
2005-04-12,7.521739,7.521739,7.521739,7.521739,2.580565,0
2005-04-13,7.130435,7.391304,7.130435,7.391304,2.535815,2400
2005-04-14,7.139131,7.139131,7.139131,7.139131,2.449299,300
2005-04-15,7.217391,7.217391,7.130435,7.130435,2.446316,1700
2005-04-18,7.086957,7.086957,7.086957,7.086957,2.431399,200
2005-04-19,7.304348,7.304348,7.304348,7.304348,2.505982,200
2005-04-20,7.304348,7.304348,7.086957,7.086957,2.431399,1800
2005-04-21,7.304348,7.304348,7.086957,7.217391,2.476148,4000
2005-04-22,7.217391,7.304348,7.217391,7.304348,2.505982,1100
2005-04-25,7.304348,7.608696,7.304348,7.608696,2.610398,5700
2005-04-26,7.782609,7.782609,7.782609,7.782609,2.670064,200
2005-04-27,7.782609,7.782609,7.782609,7.782609,2.670064,0
2005-04-28,7.521739,7.608696,7.521739,7.608696,2.610398,300
2005-04-29,7.608696,7.608696,7.608696,7.608696,2.610398,0
2005-05-02,7.782609,7.782609,7.782609,7.782609,2.670064,2900
2005-05-03,7.347826,7.347826,7.347826,7.347826,2.520898,600
2005-05-04,7.347826,7.391304,7.347826,7.347826,2.520898,3300
2005-05-05,7.608696,7.608696,7.347826,7.347826,2.520898,2300
2005-05-06,7.608696,7.608696,7.608696,7.608696,2.610398,200
2005-05-09,7.347826,7.391304,7.347826,7.391304,2.535815,4600
2005-05-10,7.391304,7.391304,7.260870,7.260870,2.491066,2900
2005-05-11,8.000000,8.000000,7.750000,8.000000,2.744647,5300
2005-05-12,8.100000,8.150000,8.100000,8.150000,2.796108,1500
2005-05-13,8.150000,8.150000,8.150000,8.150000,2.796108,0
2005-05-16,8.150000,8.150000,8.150000,8.150000,2.796108,0
2005-05-17,8.150000,8.200000,8.150000,8.200000,2.813263,300
2005-05-18,8.150000,8.250000,8.150000,8.250000,2.830416,2200
2005-05-19,8.250000,8.250000,8.250000,8.250000,2.830416,0
2005-05-20,8.200000,8.200000,8.200000,8.200000,2.813263,500
2005-05-23,8.500000,8.500000,8.200000,8.200000,2.813263,2100
2005-05-24,8.200000,8.200000,8.200000,8.200000,2.813263,0
2005-05-25,8.200000,8.200000,8.200000,8.200000,2.813263,0
2005-05-26,8.200000,8.200000,8.200000,8.200000,2.813263,300
2005-05-27,8.350000,8.350000,8.200000,8.200000,2.813263,500
2005-05-31,8.200000,8.200000,8.200000,8.200000,2.813263,1500
2005-06-01,8.500000,8.500000,8.500000,8.500000,2.916187,1400
2005-06-02,8.200000,8.200000,8.200000,8.200000,2.813263,1300
2005-06-03,8.200000,8.200000,8.150000,8.150000,2.796108,2500
2005-06-06,8.150000,8.200000,8.150000,8.200000,2.813263,300
2005-06-07,8.250000,8.250000,8.250000,8.250000,2.830416,500
2005-06-08,8.150000,8.150000,8.150000,8.150000,2.796108,600
2005-06-09,8.150000,8.400000,8.150000,8.400000,2.881879,3600
2005-06-10,8.200000,8.200000,8.200000,8.200000,2.813263,500
2005-06-13,8.200000,8.200000,8.200000,8.200000,2.813263,1200
2005-06-14,8.200000,8.200000,8.200000,8.200000,2.813263,400
2005-06-15,8.200000,8.200000,8.200000,8.200000,2.813263,0
2005-06-16,8.200000,8.200000,8.200000,8.200000,2.813263,0
2005-06-17,8.200000,8.200000,8.200000,8.200000,2.813263,500
2005-06-20,8.200000,8.200000,8.200000,8.200000,2.813263,900
2005-06-21,8.200000,8.200000,8.200000,8.200000,2.813263,0
2005-06-22,8.200000,8.200000,8.200000,8.200000,2.813263,0
2005-06-23,8.200000,8.200000,8.200000,8.200000,2.813263,0
2005-06-24,8.250000,8.350000,8.250000,8.350000,2.864726,1000
2005-06-27,8.350000,8.350000,8.350000,8.350000,2.864726,0
2005-06-28,8.200000,8.250000,8.200000,8.250000,2.830416,800
2005-06-29,8.200000,8.300000,8.150000,8.150000,2.796108,4400
2005-06-30,8.150000,8.150000,8.150000,8.150000,2.796108,900
2005-07-01,8.150000,8.250000,8.150000,8.250000,2.830416,4200
2005-07-05,7.950000,7.950000,7.100000,7.750000,2.658876,10600
2005-07-06,8.000000,8.200000,7.950000,8.150000,2.796108,3400
2005-07-07,7.950000,7.950000,7.950000,7.950000,2.727492,500
2005-07-08,7.950000,8.000000,7.950000,7.950000,2.727492,1600
2005-07-11,7.950000,7.950000,7.900000,7.950000,2.727492,1400
2005-07-12,7.950000,7.950000,7.950000,7.950000,2.727492,0
2005-07-13,7.900000,7.900000,7.900000,7.900000,2.710339,600
2005-07-14,7.900000,7.950000,7.600000,7.600000,2.607414,4500
2005-07-15,7.600000,7.600000,7.600000,7.600000,2.607414,0
2005-07-18,8.000000,8.000000,7.600000,7.600000,2.607414,1400
2005-07-19,7.700000,7.700000,7.700000,7.700000,2.641722,400
2005-07-20,7.700000,7.700000,7.700000,7.700000,2.641722,1100
2005-07-21,8.000000,8.000000,7.700000,7.700000,2.641722,500
2005-07-22,7.800000,7.800000,7.650000,7.650000,2.624568,4300
2005-07-25,7.650000,7.650000,7.600000,7.600000,2.607414,600
2005-07-26,7.600000,7.600000,7.600000,7.600000,2.607414,0
2005-07-27,7.600000,7.650000,7.600000,7.600000,2.607414,1600
2005-07-28,7.550000,7.650000,7.550000,7.650000,2.624568,1000
2005-07-29,7.650000,7.650000,7.650000,7.650000,2.624568,0
2005-08-01,7.700000,7.700000,7.700000,7.700000,2.641722,700
2005-08-02,7.650000,7.800000,7.650000,7.800000,2.676031,2500
2005-08-03,7.650000,7.650000,7.650000,7.650000,2.624568,200
2005-08-04,7.650000,7.650000,7.650000,7.650000,2.624568,0
2005-08-05,7.650000,7.750000,7.650000,7.750000,2.658876,1100
2005-08-08,7.750000,7.750000,7.750000,7.750000,2.658876,0
2005-08-09,7.750000,7.750000,7.750000,7.750000,2.658876,600
2005-08-10,7.750000,7.750000,7.750000,7.750000,2.658876,400
2005-08-11,7.750000,7.800000,7.550000,7.550000,2.590260,6200
2005-08-12,7.550000,7.550000,7.550000,7.550000,2.590260,700
2005-08-15,7.550000,7.550000,7.550000,7.550000,2.590260,0
2005-08-16,7.550000,7.550000,7.550000,7.550000,2.590260,0
2005-08-17,7.550000,7.550000,7.550000,7.550000,2.590260,0
2005-08-18,7.580000,8.000000,7.580000,7.750000,2.658876,700
2005-08-19,7.580000,7.580000,7.580000,7.580000,2.600553,500
2005-08-22,7.580000,7.580000,7.580000,7.580000,2.600553,100
2005-08-23,7.580000,7.750000,7.580000,7.580000,2.600553,3000
2005-08-24,7.580000,7.580000,7.580000,7.580000,2.600553,300
2005-08-25,7.580000,7.580000,7.580000,7.580000,2.600553,0
2005-08-26,7.580000,7.580000,7.580000,7.580000,2.600553,0
2005-08-29,7.580000,7.650000,7.580000,7.580000,2.600553,2100
2005-08-30,7.650000,7.650000,7.650000,7.650000,2.624568,600
2005-08-31,7.650000,7.650000,7.650000,7.650000,2.624568,1300
2005-09-01,7.650000,7.650000,7.650000,7.650000,2.624568,400
2005-09-02,8.000000,8.000000,8.000000,8.000000,2.744647,1900
2005-09-06,7.650000,7.650000,7.650000,7.650000,2.624568,700
2005-09-07,7.650000,7.650000,7.650000,7.650000,2.624568,0
2005-09-08,7.650000,7.650000,7.650000,7.650000,2.624568,300
2005-09-09,7.650000,7.650000,7.650000,7.650000,2.624568,0
2005-09-12,7.650000,7.650000,7.650000,7.650000,2.624568,0
2005-09-13,7.650000,7.650000,7.650000,7.650000,2.624568,200
2005-09-14,7.650000,7.650000,7.650000,7.650000,2.624568,0
2005-09-15,7.650000,7.650000,7.580000,7.580000,2.600553,1800
2005-09-16,7.580000,7.580000,7.580000,7.580000,2.600553,2400
2005-09-19,7.650000,7.650000,7.550000,7.550000,2.590260,200
2005-09-20,7.550000,7.660000,7.550000,7.650000,2.624568,3700
2005-09-21,7.650000,7.650000,7.650000,7.650000,2.624568,300
2005-09-22,7.650000,7.650000,7.650000,7.650000,2.624568,0
2005-09-23,7.650000,7.650000,7.650000,7.650000,2.624568,0
2005-09-26,7.650000,7.650000,7.650000,7.650000,2.624568,0
2005-09-27,7.650000,7.650000,7.650000,7.650000,2.624568,0
2005-09-28,7.800000,7.800000,7.750000,7.800000,2.676031,5000
2005-09-29,7.800000,7.800000,7.800000,7.800000,2.676031,0
2005-09-30,7.800000,7.800000,7.750000,7.750000,2.658876,3000
2005-10-03,7.800000,7.800000,7.750000,7.800000,2.676031,2200
2005-10-04,7.650000,7.650000,7.650000,7.650000,2.624568,400
2005-10-05,7.650000,7.650000,7.650000,7.650000,2.624568,0
2005-10-06,7.650000,7.650000,7.650000,7.650000,2.624568,1100
2005-10-07,7.800000,7.800000,7.750000,7.800000,2.676031,1700
2005-10-10,7.650000,7.650000,7.650000,7.650000,2.624568,100
2005-10-11,7.650000,7.650000,7.650000,7.650000,2.624568,0
2005-10-12,7.680000,7.680000,7.680000,7.680000,2.634861,400
2005-10-13,7.690000,7.690000,7.690000,7.690000,2.638292,300
2005-10-14,7.650000,7.650000,7.650000,7.650000,2.624568,900
2005-10-17,7.650000,7.700000,7.650000,7.650000,2.624568,1100
2005-10-18,7.650000,7.650000,7.650000,7.650000,2.624568,600
2005-10-19,7.650000,7.650000,7.650000,7.650000,2.624568,400
2005-10-20,7.650000,7.700000,7.650000,7.700000,2.641722,2400
2005-10-21,7.700000,7.700000,7.700000,7.700000,2.641722,0
2005-10-24,7.650000,7.700000,7.650000,7.650000,2.624568,2200
2005-10-25,7.650000,7.650000,7.650000,7.650000,2.624568,0
2005-10-26,7.650000,7.650000,7.650000,7.650000,2.624568,0
2005-10-27,7.650000,7.650000,7.650000,7.650000,2.624568,0
2005-10-28,7.650000,7.650000,7.650000,7.650000,2.624568,0
2005-10-31,7.650000,7.650000,7.650000,7.650000,2.624568,2200
2005-11-01,7.650000,7.800000,7.650000,7.650000,2.624568,1800
2005-11-02,7.650000,7.650000,7.650000,7.650000,2.624568,1800
2005-11-03,7.650000,7.700000,7.650000,7.700000,2.641722,200
2005-11-04,7.800000,7.800000,7.800000,7.800000,2.676031,1000
2005-11-07,7.800000,7.800000,7.800000,7.800000,2.676031,300
2005-11-08,7.650000,7.700000,7.650000,7.700000,2.641722,1300
2005-11-09,7.700000,7.700000,7.700000,7.700000,2.641722,0
2005-11-10,7.450000,7.450000,7.450000,7.450000,2.555952,600
2005-11-11,7.450000,7.800000,7.450000,7.650000,2.624568,1500
2005-11-14,7.650000,7.650000,7.650000,7.650000,2.624568,0
2005-11-15,7.650000,7.650000,7.650000,7.650000,2.624568,0
2005-11-16,7.500000,7.500000,7.450000,7.500000,2.573106,2600
2005-11-17,7.500000,7.500000,7.500000,7.500000,2.573106,0
2005-11-18,7.450000,7.450000,7.300000,7.350000,2.521644,2500
2005-11-21,7.550000,7.650000,7.550000,7.650000,2.624568,4900
2005-11-22,7.500000,7.700000,7.350000,7.600000,2.607414,8100
2005-11-23,7.600000,7.600000,7.600000,7.600000,2.607414,500
2005-11-25,7.600000,7.600000,7.600000,7.600000,2.607414,0
2005-11-28,7.600000,7.600000,7.600000,7.600000,2.607414,300
2005-11-29,7.600000,7.600000,7.600000,7.600000,2.607414,0
2005-11-30,7.600000,7.600000,7.600000,7.600000,2.607414,0
2005-12-01,7.800000,7.850000,7.750000,7.850000,2.693184,7400
2005-12-02,7.450000,7.450000,7.450000,7.450000,2.555952,500
2005-12-05,7.450000,7.770000,7.450000,7.700000,2.641722,2900
2005-12-06,7.460000,7.550000,7.460000,7.500000,2.573106,5700
2005-12-07,7.480000,7.550000,7.480000,7.500000,2.573106,2400
2005-12-08,7.480000,7.700000,7.480000,7.500000,2.573106,2600
2005-12-09,7.500000,7.500000,7.500000,7.500000,2.573106,0
2005-12-12,7.500000,7.500000,7.500000,7.500000,2.573106,1300
2005-12-13,7.500000,7.500000,7.500000,7.500000,2.573106,1200
2005-12-14,7.500000,7.500000,7.500000,7.500000,2.573106,0
2005-12-15,7.500000,7.500000,7.500000,7.500000,2.573106,1100
2005-12-16,7.650000,7.700000,7.600000,7.700000,2.641722,2300
2005-12-19,7.500000,7.520000,7.500000,7.520000,2.636463,3000
2005-12-20,7.500000,7.520000,7.500000,7.520000,2.636463,2900
2005-12-21,7.500000,7.680000,7.500000,7.560000,2.650487,14800
2005-12-22,7.600000,7.700000,7.600000,7.650000,2.682040,2200
2005-12-23,7.520000,7.570000,7.520000,7.570000,2.653993,2400
2005-12-27,7.570000,7.570000,7.570000,7.570000,2.653993,0
2005-12-28,7.250000,7.250000,7.250000,7.250000,2.541803,200
2005-12-29,7.300000,7.570000,7.300000,7.350000,2.576863,4300
2005-12-30,7.350000,7.350000,7.350000,7.350000,2.576863,0
2006-01-03,7.600000,7.600000,7.600000,7.600000,2.664511,1800
2006-01-04,7.600000,7.600000,7.600000,7.600000,2.664511,0
2006-01-05,7.350000,7.350000,7.350000,7.350000,2.576863,300
2006-01-06,7.350000,7.600000,6.300000,7.300000,2.559333,27400
2006-01-09,7.300000,7.750000,7.300000,7.750000,2.717100,1800
2006-01-10,7.400000,7.400000,7.400000,7.400000,2.594392,3300
2006-01-11,7.400000,7.400000,7.400000,7.400000,2.594392,0
2006-01-12,7.400000,7.450000,7.400000,7.450000,2.611922,2900
2006-01-13,7.450000,7.450000,7.450000,7.450000,2.611922,800
2006-01-17,7.450000,7.450000,7.450000,7.450000,2.611922,1100
2006-01-18,7.450000,7.450000,7.450000,7.450000,2.611922,2800
2006-01-19,7.450000,7.650000,7.450000,7.650000,2.682040,1600
2006-01-20,7.650000,7.750000,7.650000,7.750000,2.717100,10900
2006-01-23,7.950000,7.950000,7.900000,7.900000,2.769689,1400
2006-01-24,8.000000,8.000000,8.000000,8.000000,2.804748,400
2006-01-25,8.250000,8.250000,8.250000,8.250000,2.892396,200
2006-01-26,8.250000,9.000000,7.700000,7.700000,2.699570,31500
2006-01-27,8.600000,9.000000,7.730000,7.750000,2.717100,4400
2006-01-30,7.730000,7.800000,7.730000,7.800000,2.734630,800
2006-01-31,7.730000,7.730000,7.730000,7.730000,2.710088,200
2006-02-01,8.500000,8.500000,8.500000,8.500000,2.980045,800
2006-02-02,8.300000,8.300000,7.730000,7.750000,2.717100,4100
2006-02-03,7.800000,8.300000,7.730000,7.730000,2.710088,2700
2006-02-06,7.730000,7.730000,7.730000,7.730000,2.710088,0
2006-02-07,7.730000,7.730000,7.730000,7.730000,2.710088,0
2006-02-08,7.730000,7.730000,7.730000,7.730000,2.710088,100
2006-02-09,7.730000,7.730000,7.650000,7.650000,2.682040,4100
2006-02-10,7.500000,7.650000,7.500000,7.650000,2.682040,2100
2006-02-13,7.650000,7.650000,7.650000,7.650000,2.682040,0
2006-02-14,7.750000,7.750000,7.750000,7.750000,2.717100,800
2006-02-15,8.250000,8.250000,7.750000,7.750000,2.717100,800
2006-02-16,7.750000,7.900000,7.600000,7.600000,2.664511,3900
2006-02-17,7.750000,7.800000,7.630000,7.650000,2.682040,6100
2006-02-21,7.650000,7.650000,7.650000,7.650000,2.682040,0
2006-02-22,7.750000,7.750000,7.750000,7.750000,2.717100,1100
2006-02-23,7.630000,7.750000,7.630000,7.750000,2.717100,6100
2006-02-24,7.750000,7.900000,7.750000,7.900000,2.769689,5500
2006-02-27,7.750000,7.750000,7.750000,7.750000,2.717100,700
2006-02-28,7.800000,7.800000,7.800000,7.800000,2.734630,1300
2006-03-01,8.500000,8.500000,7.750000,7.750000,2.717100,5100
2006-03-02,7.750000,7.750000,7.750000,7.750000,2.717100,600
2006-03-03,7.750000,7.750000,7.750000,7.750000,2.717100,500
2006-03-06,7.600000,7.600000,7.600000,7.600000,2.664511,3400
2006-03-07,7.750000,7.900000,7.630000,7.750000,2.717100,8600
2006-03-08,7.630000,7.900000,7.630000,7.900000,2.769689,5500
2006-03-09,7.900000,7.900000,7.630000,7.900000,2.769689,3600
2006-03-10,7.650000,7.650000,7.630000,7.630000,2.675029,3500
2006-03-13,7.950000,8.100000,7.630000,7.630000,2.675029,12200
2006-03-14,7.630000,7.630000,7.630000,7.630000,2.675029,0
2006-03-15,8.000000,8.000000,8.000000,8.000000,2.804748,1000
2006-03-16,8.000000,8.150000,8.000000,8.150000,2.857337,7400
2006-03-17,8.000000,8.150000,8.000000,8.150000,2.857337,1800
2006-03-20,8.150000,8.150000,8.150000,8.150000,2.857337,1000
2006-03-21,8.050000,8.050000,8.050000,8.050000,2.822278,600
2006-03-22,8.050000,8.250000,8.050000,8.250000,2.892396,2300
2006-03-23,8.050000,8.050000,8.050000,8.050000,2.822278,200
2006-03-24,8.050000,8.050000,8.050000,8.050000,2.822278,0
2006-03-27,8.230000,8.230000,8.050000,8.150000,2.857337,2600
2006-03-28,8.240000,8.250000,8.100000,8.250000,2.892396,3800
2006-03-29,8.100000,8.250000,8.100000,8.130000,2.850325,4800
2006-03-30,8.100000,8.100000,8.100000,8.100000,2.839808,1100
2006-03-31,8.250000,8.250000,8.100000,8.100000,2.839808,200
2006-04-03,8.250000,8.300000,8.250000,8.300000,2.909927,3200
2006-04-04,8.250000,8.250000,8.250000,8.250000,2.892396,6200
2006-04-05,8.250000,8.250000,8.250000,8.250000,2.892396,200
2006-04-06,8.250000,8.250000,8.250000,8.250000,2.892396,4300
2006-04-07,8.050000,8.050000,8.050000,8.050000,2.822278,2200
2006-04-10,8.100000,8.180000,8.100000,8.180000,2.867855,900
2006-04-11,8.300000,8.300000,8.300000,8.300000,2.909927,1000
2006-04-12,8.100000,8.100000,8.100000,8.100000,2.839808,1600
2006-04-13,8.100000,8.100000,8.100000,8.100000,2.839808,0
2006-04-17,8.200000,8.200000,8.200000,8.200000,2.874866,2700
2006-04-18,8.300000,8.300000,8.100000,8.100000,2.839808,4100
2006-04-19,8.100000,8.150000,8.100000,8.150000,2.857337,8300
2006-04-20,8.250000,8.250000,8.150000,8.150000,2.857337,3200
2006-04-21,8.150000,8.300000,8.150000,8.300000,2.909927,2700
2006-04-24,8.300000,8.300000,8.150000,8.150000,2.857337,2800
2006-04-25,8.250000,8.250000,8.150000,8.150000,2.857337,2700
2006-04-26,8.250000,8.250000,8.100000,8.100000,2.839808,9300
2006-04-27,8.100000,8.300000,8.100000,8.100000,2.839808,14000
2006-04-28,8.200000,8.300000,8.200000,8.300000,2.909927,4600
2006-05-01,8.350000,8.350000,8.350000,8.350000,2.927456,2200
2006-05-02,8.100000,8.150000,8.100000,8.150000,2.857337,900
2006-05-03,8.100000,8.100000,8.100000,8.100000,2.839808,1100
2006-05-04,8.100000,8.100000,8.100000,8.100000,2.839808,0
2006-05-05,8.100000,8.100000,8.100000,8.100000,2.839808,0
2006-05-08,8.100000,8.100000,8.100000,8.100000,2.839808,0
2006-05-09,8.120000,8.200000,8.120000,8.200000,2.874866,3900
2006-05-10,8.200000,8.200000,8.200000,8.200000,2.874866,400
2006-05-11,8.100000,8.100000,8.100000,8.100000,2.839808,1600
2006-05-12,8.100000,8.100000,8.100000,8.100000,2.839808,0
2006-05-15,8.190000,8.200000,8.120000,8.200000,2.874866,1500
2006-05-16,8.150000,8.150000,8.150000,8.150000,2.857337,200
2006-05-17,8.150000,8.150000,8.150000,8.150000,2.857337,0
2006-05-18,8.120000,8.160000,8.120000,8.160000,2.860843,400
2006-05-19,8.100000,8.200000,8.100000,8.200000,2.874866,2700
2006-05-22,8.100000,8.100000,8.100000,8.100000,2.839808,200
2006-05-23,8.100000,8.100000,8.000000,8.000000,2.804748,4000
2006-05-24,8.000000,8.000000,8.000000,8.000000,2.804748,0
2006-05-25,8.000000,8.000000,8.000000,8.000000,2.804748,300
2006-05-26,8.000000,8.000000,8.000000,8.000000,2.804748,0
2006-05-30,8.000000,8.000000,8.000000,8.000000,2.804748,0
2006-05-31,8.000000,8.000000,8.000000,8.000000,2.804748,0
2006-06-01,8.000000,8.250000,8.000000,8.250000,2.892396,2700
2006-06-02,8.050000,8.050000,8.050000,8.050000,2.822278,2600
2006-06-05,8.050000,8.050000,8.050000,8.050000,2.822278,200
2006-06-06,8.050000,8.050000,8.050000,8.050000,2.822278,0
2006-06-07,8.300000,8.300000,8.300000,8.300000,2.909927,200
2006-06-08,8.300000,8.300000,8.050000,8.300000,2.909927,8300
2006-06-09,8.100000,8.100000,8.020000,8.050000,2.822278,7100
2006-06-12,8.050000,8.250000,8.050000,8.250000,2.892396,4000
2006-06-13,8.250000,8.250000,8.250000,8.250000,2.892396,0
2006-06-14,8.050000,8.050000,8.050000,8.050000,2.822278,800
2006-06-15,8.250000,8.250000,8.250000,8.250000,2.892396,1000
2006-06-16,8.250000,8.250000,8.250000,8.250000,2.892396,1800
2006-06-19,8.350000,8.350000,8.300000,8.300000,2.909927,5200
2006-06-20,8.250000,8.750000,8.250000,8.700000,3.050164,13500
2006-06-21,8.450000,8.700000,8.450000,8.700000,3.050164,3500
2006-06-22,8.550000,8.550000,8.550000,8.550000,3.180354,3000
2006-06-23,8.000000,8.000000,7.650000,7.750000,2.882777,4900
2006-06-26,7.750000,7.750000,7.750000,7.750000,2.882777,0
2006-06-27,7.700000,8.000000,7.700000,8.000000,2.975769,4800
2006-06-28,8.000000,8.000000,8.000000,8.000000,2.975769,0
2006-06-29,7.700000,7.700000,7.700000,7.700000,2.864178,2500
2006-06-30,8.000000,8.000000,7.750000,8.000000,2.975769,3600
2006-07-03,7.750000,7.760000,7.750000,7.760000,2.886497,3100
2006-07-05,8.000000,8.900000,8.000000,8.150000,3.031565,9800
2006-07-06,8.250000,8.250000,7.900000,7.900000,2.938572,2500
2006-07-07,8.250000,8.500000,8.100000,8.400000,3.124558,15800
2006-07-10,8.100000,8.380000,8.100000,8.380000,3.117119,700
2006-07-11,8.380000,8.380000,8.380000,8.380000,3.117119,0
2006-07-12,8.100000,8.500000,8.100000,8.500000,3.161755,27900
2006-07-13,8.500000,8.500000,8.500000,8.500000,3.161755,3700
2006-07-14,8.500000,9.000000,8.500000,8.900000,3.310544,67800
2006-07-17,8.500000,9.150000,8.500000,8.950000,3.329142,93600
2006-07-18,8.500000,8.610000,7.600000,7.600000,2.826981,13000
2006-07-19,7.650000,7.850000,7.650000,7.850000,2.919974,2700
2006-07-20,7.900000,7.900000,7.900000,7.900000,2.938572,200
2006-07-21,7.700000,8.000000,7.700000,8.000000,2.975769,600
2006-07-24,8.000000,8.000000,8.000000,8.000000,2.975769,0
2006-07-25,8.000000,8.000000,8.000000,8.000000,2.975769,0
2006-07-26,7.700000,8.000000,7.700000,8.000000,2.975769,2100
2006-07-27,7.700000,7.700000,7.700000,7.700000,2.864178,600
2006-07-28,7.650000,7.750000,7.650000,7.750000,2.882777,1000
2006-07-31,7.750000,7.750000,7.750000,7.750000,2.882777,0
2006-08-01,8.000000,8.000000,8.000000,8.000000,2.975769,600
2006-08-02,7.750000,7.750000,7.750000,7.750000,2.882777,500
2006-08-03,7.750000,7.850000,7.500000,7.850000,2.919974,17200
2006-08-04,8.000000,8.000000,7.550000,7.650000,2.845580,2200
2006-08-07,8.000000,8.450000,7.750000,7.750000,2.882777,1800
2006-08-08,7.750000,7.750000,7.750000,7.750000,2.882777,2500
2006-08-09,7.750000,7.750000,7.750000,7.750000,2.882777,700
2006-08-10,7.750000,7.950000,7.750000,7.950000,2.957171,2700
2006-08-11,7.750000,7.750000,7.750000,7.750000,2.882777,500
2006-08-14,7.750000,7.850000,7.550000,7.650000,2.845580,6000
2006-08-15,7.650000,7.850000,7.650000,7.850000,2.919974,3500
2006-08-16,7.650000,7.650000,7.650000,7.650000,2.845580,300
2006-08-17,7.650000,7.650000,7.650000,7.650000,2.845580,0
2006-08-18,8.250000,8.250000,8.250000,8.250000,3.068762,200
2006-08-21,8.250000,8.250000,8.250000,8.250000,3.068762,0
2006-08-22,7.700000,7.700000,7.700000,7.700000,2.864178,800
2006-08-23,7.850000,7.850000,7.700000,7.700000,2.864178,1600
2006-08-24,7.750000,7.750000,7.700000,7.700000,2.864178,4800
2006-08-25,7.750000,7.750000,7.750000,7.750000,2.882777,400
2006-08-28,7.750000,7.750000,7.750000,7.750000,2.882777,300
2006-08-29,7.750000,8.300000,7.700000,7.700000,2.864178,3400
2006-08-30,8.400000,8.400000,8.400000,8.400000,3.124558,300
2006-08-31,7.950000,7.950000,7.950000,7.950000,2.957171,500
2006-09-01,7.960000,8.000000,7.960000,8.000000,2.975769,700
2006-09-05,8.000000,8.000000,8.000000,8.000000,2.975769,0
2006-09-06,8.000000,8.000000,8.000000,8.000000,2.975769,600
2006-09-07,8.500000,8.500000,8.500000,8.500000,3.161755,1500
2006-09-08,8.000000,8.000000,8.000000,8.000000,2.975769,400
2006-09-11,8.000000,8.000000,8.000000,8.000000,2.975769,3000
2006-09-12,8.000000,8.000000,8.000000,8.000000,2.975769,400
2006-09-13,8.250000,8.250000,8.050000,8.050000,2.994369,3400
2006-09-14,8.250000,8.250000,8.250000,8.250000,3.068762,100
2006-09-15,8.250000,8.250000,8.250000,8.250000,3.068762,500
2006-09-18,8.000000,8.000000,8.000000,8.000000,2.975769,5900
2006-09-19,8.000000,8.000000,8.000000,8.000000,2.975769,2500
2006-09-20,8.000000,8.000000,8.000000,8.000000,2.975769,0
2006-09-21,8.000000,8.000000,8.000000,8.000000,2.975769,4100
2006-09-22,8.100000,8.100000,8.000000,8.000000,2.975769,2300
2006-09-25,8.000000,8.050000,7.850000,7.850000,2.919974,4100
2006-09-26,8.100000,8.500000,8.100000,8.500000,3.161755,4700
2006-09-27,8.650000,8.650000,8.650000,8.650000,3.217551,500
2006-09-28,8.050000,8.050000,8.050000,8.050000,2.994369,5800
2006-09-29,8.050000,8.050000,8.000000,8.000000,2.975769,1000
2006-10-02,8.000000,8.250000,8.000000,8.250000,3.068762,2600
2006-10-03,8.250000,8.250000,8.250000,8.250000,3.068762,0
2006-10-04,8.000000,8.000000,8.000000,8.000000,2.975769,200
2006-10-05,8.000000,8.000000,8.000000,8.000000,2.975769,1000
2006-10-06,8.300000,8.300000,8.300000,8.300000,3.087361,2500
2006-10-09,8.220000,8.220000,8.220000,8.220000,3.057603,400
2006-10-10,8.220000,8.220000,8.220000,8.220000,3.057603,0
2006-10-11,8.220000,8.220000,8.220000,8.220000,3.057603,0
2006-10-12,8.250000,8.500000,8.240000,8.500000,3.161755,1600
2006-10-13,8.250000,8.250000,8.050000,8.050000,2.994369,7600
2006-10-16,8.050000,8.050000,8.050000,8.050000,2.994369,0
2006-10-17,8.200000,8.200000,8.200000,8.200000,3.050164,1500
2006-10-18,8.250000,8.250000,8.250000,8.250000,3.068762,1300
2006-10-19,8.250000,8.250000,8.200000,8.250000,3.068762,6700
2006-10-20,8.250000,8.250000,8.250000,8.250000,3.068762,0
2006-10-23,8.250000,8.250000,8.250000,8.250000,3.068762,100
2006-10-24,8.250000,8.250000,8.250000,8.250000,3.068762,0
2006-10-25,8.250000,8.250000,8.250000,8.250000,3.068762,400
2006-10-26,8.250000,8.250000,8.200000,8.200000,3.050164,2500
2006-10-27,8.300000,8.300000,8.300000,8.300000,3.087361,1000
2006-10-30,8.250000,8.250000,8.150000,8.150000,3.031565,1700
2006-10-31,8.150000,8.150000,8.150000,8.150000,3.031565,0
2006-11-01,8.300000,8.300000,8.300000,8.300000,3.087361,2600
2006-11-02,8.300000,8.300000,8.300000,8.300000,3.087361,500
2006-11-03,8.500000,8.500000,8.500000,8.500000,3.161755,200
2006-11-06,8.250000,8.250000,8.250000,8.250000,3.068762,400
2006-11-07,8.250000,8.250000,8.250000,8.250000,3.068762,500
2006-11-08,8.250000,8.250000,8.250000,8.250000,3.068762,100
2006-11-09,8.250000,8.250000,8.250000,8.250000,3.068762,800
2006-11-10,8.250000,8.250000,8.250000,8.250000,3.068762,1400
2006-11-13,8.300000,8.500000,8.250000,8.250000,3.068762,10500
2006-11-14,8.250000,8.250000,8.250000,8.250000,3.068762,200
2006-11-15,8.250000,8.250000,8.250000,8.250000,3.068762,3300
2006-11-16,8.250000,8.250000,8.250000,8.250000,3.068762,500
2006-11-17,8.250000,8.250000,8.250000,8.250000,3.068762,100
2006-11-20,8.250000,8.250000,8.250000,8.250000,3.068762,0
2006-11-21,8.300000,8.500000,8.300000,8.450000,3.143157,1300
2006-11-22,8.300000,8.300000,8.300000,8.300000,3.087361,200
2006-11-24,8.300000,8.300000,8.300000,8.300000,3.087361,0
2006-11-27,8.300000,8.300000,8.300000,8.300000,3.087361,0
2006-11-28,8.500000,8.500000,8.500000,8.500000,3.161755,300
2006-11-29,8.300000,8.300000,8.300000,8.300000,3.087361,700
2006-11-30,8.300000,8.300000,8.300000,8.300000,3.087361,0
2006-12-01,8.500000,8.500000,8.300000,8.300000,3.087361,1800
2006-12-04,8.300000,8.300000,8.300000,8.300000,3.087361,3100
2006-12-05,8.300000,8.300000,8.300000,8.300000,3.087361,0
2006-12-06,8.300000,8.300000,8.300000,8.300000,3.087361,0
2006-12-07,8.300000,8.300000,8.300000,8.300000,3.087361,200
2006-12-08,8.300000,8.300000,8.300000,8.300000,3.087361,0
2006-12-11,8.500000,8.550000,8.400000,8.550000,3.180354,3300
2006-12-12,8.550000,8.600000,8.550000,8.600000,3.198952,4300
2006-12-13,8.600000,8.600000,8.600000,8.600000,3.198952,400
2006-12-14,8.600000,8.610000,8.600000,8.610000,3.202671,2000
2006-12-15,8.620000,8.620000,8.620000,8.620000,3.206392,4900
2006-12-18,7.930000,7.930000,7.930000,7.930000,3.205179,2700
2006-12-19,8.000000,8.000000,8.000000,8.000000,3.233472,300
2006-12-20,8.000000,8.000000,8.000000,8.000000,3.233472,0
2006-12-21,8.060000,8.060000,8.060000,8.060000,3.257723,5100
2006-12-22,8.070000,8.070000,8.070000,8.070000,3.261765,300
2006-12-26,8.070000,8.070000,8.070000,8.070000,3.261765,1500
2006-12-27,8.100000,8.200000,8.080000,8.200000,3.314309,10000
2006-12-28,8.580000,8.580000,8.300000,8.300000,3.354727,6000
2006-12-29,8.160000,8.300000,8.160000,8.300000,3.354727,7400
2007-01-03,8.300000,8.750000,8.300000,8.300000,3.354727,1300
2007-01-04,8.300000,8.300000,8.300000,8.300000,3.354727,2000
2007-01-05,8.300000,8.750000,8.300000,8.750000,3.536611,3600
2007-01-08,8.650000,8.650000,8.650000,8.650000,3.496192,3400
2007-01-09,8.500000,8.700000,8.500000,8.500000,3.435564,10000
2007-01-10,8.600000,8.600000,8.500000,8.500000,3.435564,10100
2007-01-11,8.600000,8.700000,8.600000,8.650000,3.496192,4000
2007-01-12,8.650000,8.900000,8.650000,8.700000,3.516401,9400
2007-01-16,8.700000,8.750000,8.700000,8.700000,3.516401,6600
2007-01-17,8.750000,8.800000,8.750000,8.800000,3.556819,6200
2007-01-18,8.800000,8.900000,8.800000,8.800000,3.556819,18400
2007-01-19,8.900000,8.900000,8.800000,8.800000,3.556819,4900
2007-01-22,8.900000,9.230000,8.800000,9.230000,3.730618,33000
2007-01-23,8.850000,9.200000,8.850000,9.150000,3.698284,20100
2007-01-24,8.900000,9.150000,8.900000,9.150000,3.698284,4900
2007-01-25,9.050000,10.050000,9.050000,10.050000,4.062049,26000
2007-01-26,9.050000,9.750000,9.050000,9.250000,3.738702,88000
2007-01-29,9.250000,9.300000,9.050000,9.300000,3.758912,7500
2007-01-30,9.300000,9.500000,8.850000,9.500000,3.839749,7600
2007-01-31,9.200000,9.650000,9.000000,9.650000,3.900375,6700
2007-02-01,9.200000,9.200000,8.900000,8.900000,3.597238,3100
2007-02-02,9.450000,9.750000,8.950000,9.000000,3.637656,11400
2007-02-05,9.250000,9.250000,9.250000,9.250000,3.738702,900
2007-02-06,9.500000,9.500000,9.150000,9.150000,3.698284,4100
2007-02-07,9.150000,9.150000,9.150000,9.150000,3.698284,600
2007-02-08,9.150000,9.150000,9.150000,9.150000,3.698284,300
2007-02-09,9.150000,9.150000,9.150000,9.150000,3.698284,300
2007-02-12,9.150000,9.150000,9.150000,9.150000,3.698284,0
2007-02-13,9.150000,9.150000,9.150000,9.150000,3.698284,900
2007-02-14,9.250000,9.250000,9.200000,9.200000,3.718493,3100
2007-02-15,9.250000,9.250000,9.250000,9.250000,3.738702,500
2007-02-16,9.200000,9.200000,9.050000,9.050000,3.657866,2300
2007-02-20,9.250000,9.250000,9.200000,9.250000,3.738702,2500
2007-02-21,9.250000,9.250000,9.250000,9.250000,3.738702,0
2007-02-22,9.250000,9.250000,9.250000,9.250000,3.738702,0
2007-02-23,9.250000,9.250000,9.250000,9.250000,3.738702,0
2007-02-26,9.250000,9.250000,9.100000,9.100000,3.678075,6200
2007-02-27,9.100000,9.100000,9.050000,9.050000,3.657866,1000
2007-02-28,9.050000,9.100000,8.800000,8.800000,3.556819,3100
2007-03-01,8.800000,9.000000,8.800000,9.000000,3.637656,2600
2007-03-02,8.900000,9.000000,8.900000,9.000000,3.637656,3100
2007-03-05,8.900000,9.000000,8.900000,9.000000,3.637656,1500
2007-03-06,8.900000,9.000000,8.900000,9.000000,3.637656,2900
2007-03-07,9.000000,9.200000,9.000000,9.000000,3.637656,4100
2007-03-08,9.000000,9.250000,9.000000,9.250000,3.738702,6500
2007-03-09,9.250000,9.250000,9.250000,9.250000,3.738702,0
2007-03-12,9.000000,9.000000,9.000000,9.000000,3.637656,400
2007-03-13,9.000000,9.000000,9.000000,9.000000,3.637656,0
2007-03-14,9.000000,9.000000,9.000000,9.000000,3.637656,0
2007-03-15,9.050000,9.050000,9.050000,9.050000,3.657866,200
2007-03-16,9.250000,9.250000,9.050000,9.050000,3.657866,1500
2007-03-19,9.050000,9.050000,9.000000,9.000000,3.637656,2400
2007-03-20,9.000000,9.000000,9.000000,9.000000,3.637656,0
2007-03-21,9.100000,9.100000,9.100000,9.100000,3.678075,600
2007-03-22,9.100000,9.100000,9.100000,9.100000,3.678075,0
2007-03-23,9.100000,9.100000,9.100000,9.100000,3.678075,1000
2007-03-26,9.000000,9.100000,9.000000,9.100000,3.678075,800
2007-03-27,9.000000,9.000000,9.000000,9.000000,3.637656,600
2007-03-28,9.000000,9.000000,9.000000,9.000000,3.637656,0
2007-03-29,9.000000,9.000000,9.000000,9.000000,3.637656,700
2007-03-30,9.000000,9.000000,9.000000,9.000000,3.637656,2000
2007-04-02,9.000000,9.100000,9.000000,9.100000,3.678075,8000
2007-04-03,9.100000,9.100000,9.100000,9.100000,3.678075,0
2007-04-04,9.100000,9.100000,9.100000,9.100000,3.678075,0
2007-04-05,9.000000,9.000000,8.750000,8.750000,3.536611,1400
2007-04-09,8.900000,9.100000,8.900000,9.100000,3.678075,800
2007-04-10,9.100000,9.100000,9.100000,9.100000,3.678075,200
2007-04-11,9.000000,9.000000,9.000000,9.000000,3.637656,2500
2007-04-12,8.900000,8.900000,8.900000,8.900000,3.597238,700
2007-04-13,9.100000,9.100000,8.900000,8.900000,3.597238,5000
2007-04-16,8.900000,9.000000,8.900000,9.000000,3.637656,7000
2007-04-17,9.000000,9.000000,8.850000,9.000000,3.637656,7900
2007-04-18,9.000000,9.000000,9.000000,9.000000,3.637656,200
2007-04-19,9.000000,9.000000,8.750000,9.000000,3.637656,1700
2007-04-20,9.000000,9.150000,9.000000,9.000000,3.637656,2500
2007-04-23,9.000000,9.000000,9.000000,9.000000,3.637656,200
2007-04-24,9.000000,9.000000,9.000000,9.000000,3.637656,500
2007-04-25,9.000000,9.000000,9.000000,9.000000,3.637656,200
2007-04-26,9.000000,9.000000,8.750000,9.000000,3.637656,3900
2007-04-27,9.000000,9.000000,8.800000,8.800000,3.556819,3400
2007-04-30,9.000000,9.000000,8.850000,9.000000,3.637656,4400
2007-05-01,9.100000,9.150000,9.100000,9.150000,3.698284,2400
2007-05-02,8.850000,9.000000,8.850000,9.000000,3.637656,10100
2007-05-03,9.000000,9.000000,9.000000,9.000000,3.637656,0
2007-05-04,9.150000,9.150000,9.100000,9.150000,3.698284,1400
2007-05-07,9.000000,9.000000,9.000000,9.000000,3.637656,600
2007-05-08,9.150000,9.150000,9.000000,9.150000,3.698284,4800
2007-05-09,9.150000,9.150000,9.150000,9.150000,3.698284,1000
2007-05-10,9.150000,9.150000,9.150000,9.150000,3.698284,0
2007-05-11,9.000000,9.000000,8.800000,9.000000,3.637656,4200
2007-05-14,8.800000,9.150000,8.800000,9.150000,3.698284,2400
2007-05-15,9.050000,9.050000,8.750000,8.750000,3.536611,9000
2007-05-16,9.000000,9.000000,8.950000,9.000000,3.637656,7200
2007-05-17,8.950000,8.950000,8.950000,8.950000,3.617447,600
2007-05-18,8.950000,8.950000,8.950000,8.950000,3.617447,0
2007-05-21,9.150000,9.150000,9.100000,9.100000,3.678075,600
2007-05-22,9.100000,9.100000,9.100000,9.100000,3.678075,0
2007-05-23,9.150000,9.150000,9.090000,9.150000,3.698284,900
2007-05-24,9.150000,9.150000,9.150000,9.150000,3.698284,0
2007-05-25,8.950000,9.150000,8.950000,9.050000,3.657866,7900
2007-05-29,9.050000,9.050000,9.050000,9.050000,3.657866,200
2007-05-30,9.150000,9.150000,9.150000,9.150000,3.698284,1000
2007-05-31,9.150000,9.150000,9.150000,9.150000,3.698284,0
2007-06-01,9.050000,9.050000,9.050000,9.050000,3.657866,500
2007-06-04,9.150000,9.150000,9.050000,9.100000,3.678075,7000
2007-06-05,9.100000,9.100000,9.100000,9.100000,3.678075,0
2007-06-06,9.150000,9.450000,9.150000,9.450000,3.819539,9000
2007-06-07,9.440000,9.450000,9.300000,9.300000,3.758912,4100
2007-06-08,9.500000,9.500000,9.500000,9.500000,3.839749,300
2007-06-11,9.250000,9.250000,9.250000,9.250000,3.738702,1300
2007-06-12,9.400000,9.400000,9.350000,9.350000,3.779121,3000
2007-06-13,9.350000,9.350000,9.350000,9.350000,3.779121,0
2007-06-14,9.300000,9.300000,9.300000,9.300000,3.758912,1900
2007-06-15,9.250000,9.300000,9.250000,9.300000,3.758912,600
2007-06-18,9.250000,9.250000,9.250000,9.250000,3.738702,100
2007-06-19,9.250000,9.450000,9.250000,9.410000,3.803372,6200
2007-06-20,9.250000,9.380000,9.250000,9.380000,3.791246,2300
2007-06-21,9.250000,12.000000,9.250000,10.350000,4.183305,19400
2007-06-22,10.000000,10.000000,9.750000,9.750000,3.940795,2000
2007-06-25,9.500000,9.950000,9.500000,9.950000,4.021631,4600
2007-06-26,9.950000,9.950000,9.950000,9.950000,4.021631,0
2007-06-27,9.950000,9.950000,9.950000,9.950000,4.021631,0
2007-06-28,9.750000,9.750000,9.700000,9.700000,3.920585,3000
2007-06-29,9.750000,9.750000,9.750000,9.750000,3.940795,2400
2007-07-02,9.750000,10.050000,9.600000,9.600000,3.880167,6400
2007-07-03,9.600000,9.600000,9.600000,9.600000,3.880167,0
2007-07-05,9.750000,9.800000,9.750000,9.750000,3.940795,800
2007-07-06,9.750000,9.800000,9.700000,9.700000,3.920585,3500
2007-07-09,9.800000,9.950000,9.650000,9.650000,3.900375,3500
2007-07-10,9.650000,9.650000,9.650000,9.650000,3.900375,0
2007-07-11,9.650000,9.650000,9.450000,9.600000,3.880167,9900
2007-07-12,9.600000,9.700000,9.600000,9.700000,3.920585,600
2007-07-13,9.700000,9.700000,9.700000,9.700000,3.920585,0
2007-07-16,9.750000,9.850000,9.750000,9.850000,3.981212,2500
2007-07-17,9.750000,9.750000,9.750000,9.750000,3.940795,200
2007-07-18,9.950000,9.950000,9.950000,9.950000,4.021631,900
2007-07-19,9.750000,9.750000,9.150000,9.710000,3.924627,14800
2007-07-20,9.850000,9.850000,9.500000,9.500000,3.839749,1800
2007-07-23,9.700000,9.700000,9.200000,9.200000,3.718493,2300
2007-07-24,9.200000,9.600000,9.200000,9.600000,3.880167,700
2007-07-25,9.200000,9.200000,9.200000,9.200000,3.718493,500
2007-07-26,9.250000,9.300000,9.200000,9.250000,3.738702,7700
2007-07-27,9.200000,9.200000,9.200000,9.200000,3.718493,500
2007-07-30,10.000000,10.010000,9.950000,10.010000,4.045883,3300
2007-07-31,10.010000,10.010000,10.000000,10.000000,4.041840,2900
2007-08-01,10.000000,10.000000,10.000000,10.000000,4.041840,1400
2007-08-02,10.000000,10.000000,10.000000,10.000000,4.041840,0
2007-08-03,9.250000,9.250000,9.250000,9.250000,3.738702,200
2007-08-06,9.250000,9.250000,9.250000,9.250000,3.738702,0
2007-08-07,9.250000,9.250000,9.250000,9.250000,3.738702,0
2007-08-08,9.400000,9.400000,9.400000,9.400000,3.799329,400
2007-08-09,9.400000,9.400000,9.400000,9.400000,3.799329,0
2007-08-10,9.250000,9.250000,9.150000,9.150000,3.698284,700
2007-08-13,9.150000,9.150000,9.150000,9.150000,3.698284,0
2007-08-14,9.350000,9.350000,9.350000,9.350000,3.779121,100
2007-08-15,9.350000,9.350000,9.350000,9.350000,3.779121,500
2007-08-16,9.350000,10.010000,9.350000,10.010000,4.045883,4400
2007-08-17,9.500000,9.500000,9.150000,9.150000,3.698284,1400
2007-08-20,9.150000,9.150000,9.150000,9.150000,3.698284,800
2007-08-21,9.150000,9.150000,9.150000,9.150000,3.698284,0
2007-08-22,9.500000,9.500000,8.950000,9.250000,3.738702,26800
2007-08-23,9.400000,9.400000,9.400000,9.400000,3.799329,500
2007-08-24,9.200000,9.250000,9.200000,9.250000,3.738702,2200
2007-08-27,10.010000,10.010000,10.010000,10.010000,4.045883,100
2007-08-28,9.250000,9.250000,9.150000,9.150000,3.698284,3700
2007-08-29,9.150000,9.150000,9.150000,9.150000,3.698284,0
2007-08-30,9.150000,9.150000,9.150000,9.150000,3.698284,0
2007-08-31,9.200000,9.750000,9.200000,9.750000,3.940795,1200
2007-09-04,9.500000,9.500000,9.500000,9.500000,3.839749,1500
2007-09-05,9.200000,9.200000,9.200000,9.200000,3.718493,2000
2007-09-06,9.200000,9.200000,9.050000,9.050000,3.657866,1500
2007-09-07,9.250000,9.500000,9.100000,9.100000,3.678075,3000
2007-09-10,9.100000,9.100000,9.100000,9.100000,3.678075,0
2007-09-11,9.100000,9.100000,9.100000,9.100000,3.678075,0
2007-09-12,9.100000,9.100000,9.100000,9.100000,3.678075,0
2007-09-13,9.350000,9.700000,9.150000,9.700000,3.920585,7200
2007-09-14,9.700000,9.700000,9.700000,9.700000,3.920585,0
2007-09-17,9.500000,9.500000,9.500000,9.500000,3.839749,100
2007-09-18,9.500000,9.500000,9.200000,9.200000,3.718493,700
2007-09-19,9.200000,9.200000,9.200000,9.200000,3.718493,0
2007-09-20,9.200000,9.200000,9.200000,9.200000,3.718493,0
2007-09-21,9.250000,9.400000,9.250000,9.400000,3.799329,7600
2007-09-24,9.400000,9.500000,9.400000,9.500000,3.839749,1500
2007-09-25,9.400000,9.400000,9.400000,9.400000,3.799329,1500
2007-09-26,9.350000,9.500000,9.300000,9.500000,3.839749,4400
2007-09-27,9.500000,9.600000,9.500000,9.500000,3.839749,2200
2007-09-28,9.500000,9.500000,9.500000,9.500000,3.839749,900
2007-10-01,9.650000,9.950000,9.650000,9.950000,4.021631,4200
2007-10-02,9.550000,9.600000,9.350000,9.350000,3.779121,5300
2007-10-03,9.350000,9.650000,9.350000,9.650000,3.900375,5200
2007-10-04,9.600000,9.750000,9.600000,9.750000,3.940795,2800
2007-10-05,9.500000,9.500000,9.300000,9.300000,3.758912,3900
2007-10-08,9.350000,9.650000,9.350000,9.600000,3.880167,10300
2007-10-09,9.600000,9.650000,9.600000,9.600000,3.880167,3700
2007-10-10,9.700000,9.750000,9.700000,9.750000,3.940795,1000
2007-10-11,9.750000,9.800000,9.750000,9.800000,3.961003,1600
2007-10-12,9.800000,9.800000,9.800000,9.800000,3.961003,0
2007-10-15,9.800000,9.800000,9.800000,9.800000,3.961003,0
2007-10-16,9.850000,9.900000,9.800000,9.900000,4.001421,1700
2007-10-17,9.950000,9.950000,9.950000,9.950000,4.021631,900
2007-10-18,9.950000,9.950000,9.950000,9.950000,4.021631,0
2007-10-19,9.750000,9.820000,9.750000,9.820000,3.969087,3300
2007-10-22,9.800000,9.800000,9.800000,9.800000,3.961003,600
2007-10-23,9.850000,9.850000,9.850000,9.850000,3.981212,200
2007-10-24,9.850000,9.850000,9.850000,9.850000,3.981212,600
2007-10-25,9.850000,9.850000,9.850000,9.850000,3.981212,0
2007-10-26,9.850000,9.850000,9.850000,9.850000,3.981212,0
2007-10-29,9.850000,9.850000,9.850000,9.850000,3.981212,100
2007-10-30,9.800000,9.800000,9.750000,9.800000,3.961003,2700
2007-10-31,9.800000,9.850000,9.800000,9.800000,3.961003,700
2007-11-01,9.850000,9.850000,9.850000,9.850000,3.981212,1500
2007-11-02,9.800000,9.800000,9.800000,9.800000,3.961003,500
2007-11-05,9.800000,9.800000,9.800000,9.800000,3.961003,0
2007-11-06,9.780000,9.780000,9.780000,9.780000,3.952919,600
2007-11-07,9.780000,9.780000,9.750000,9.760000,3.944836,1900
2007-11-08,10.000000,10.000000,10.000000,10.000000,4.041840,300
2007-11-09,9.800000,9.800000,9.800000,9.800000,3.961003,200
2007-11-12,9.700000,9.700000,9.700000,9.700000,3.920585,200
2007-11-13,9.660000,9.660000,9.050000,9.050000,3.657866,2300
2007-11-14,9.050000,9.050000,9.050000,9.050000,3.657866,0
2007-11-15,9.400000,9.400000,9.400000,9.400000,3.799329,2000
2007-11-16,9.500000,9.500000,9.200000,9.250000,3.738702,2900
2007-11-19,9.250000,9.250000,9.250000,9.250000,3.738702,0
2007-11-20,9.250000,9.250000,9.250000,9.250000,3.738702,0
2007-11-21,9.250000,9.250000,8.850000,9.050000,3.657866,3400
2007-11-23,9.050000,9.050000,9.050000,9.050000,3.657866,0
2007-11-26,9.050000,9.050000,9.050000,9.050000,3.657866,0
2007-11-27,8.750000,8.750000,8.750000,8.750000,3.536611,100
2007-11-28,8.750000,9.000000,8.750000,9.000000,3.637656,2000
2007-11-29,9.100000,9.100000,9.100000,9.100000,3.678075,100
2007-11-30,9.000000,9.000000,9.000000,9.000000,3.637656,100
2007-12-03,9.200000,9.200000,9.200000,9.200000,3.718493,300
2007-12-04,9.300000,9.400000,9.080000,9.080000,3.669991,900
2007-12-05,9.180000,9.180000,9.180000,9.180000,3.710409,100
2007-12-06,9.180000,9.180000,9.180000,9.180000,3.710409,0
2007-12-07,9.400000,9.400000,9.350000,9.350000,3.779121,200
2007-12-10,9.550000,9.700000,9.550000,9.700000,3.920585,300
2007-12-11,9.400000,9.400000,9.400000,9.400000,3.799329,200
2007-12-12,8.620000,8.620000,8.570000,8.620000,3.842570,300
2007-12-13,8.630000,8.630000,8.500000,8.500000,3.789077,1300
2007-12-14,8.500000,8.500000,8.500000,8.500000,3.789077,0
2007-12-17,8.650000,8.650000,8.500000,8.500000,3.789077,500
2007-12-18,8.500000,8.500000,8.500000,8.500000,3.789077,200
2007-12-19,8.750000,8.750000,8.750000,8.750000,3.900521,300
2007-12-20,8.150000,8.400000,8.150000,8.400000,3.744500,2300
2007-12-21,8.250000,9.000000,8.050000,8.450000,3.766788,4900
2007-12-24,8.400000,8.400000,8.100000,8.100000,3.610768,800
2007-12-26,8.250000,8.800000,8.250000,8.800000,3.922809,900
2007-12-27,9.000000,9.250000,8.900000,8.900000,3.967386,13500
2007-12-28,9.150000,9.150000,8.100000,8.300000,3.699922,8200
2007-12-31,8.150000,8.150000,8.100000,8.100000,3.610768,900
2008-01-02,7.810000,8.300000,7.810000,8.300000,3.699922,4500
2008-01-03,8.300000,8.300000,8.300000,8.300000,3.699922,0
2008-01-04,8.600000,8.600000,8.340000,8.340000,3.717753,2000
2008-01-07,8.500000,8.500000,8.250000,8.250000,3.677633,1300
2008-01-08,8.250000,8.250000,8.150000,8.150000,3.633056,2600
2008-01-09,8.150000,8.350000,8.050000,8.350000,3.722211,1600
2008-01-10,8.200000,8.200000,7.860000,7.860000,3.503782,1400
2008-01-11,8.100000,8.100000,8.100000,8.100000,3.610768,600
2008-01-14,7.950000,7.950000,7.900000,7.900000,3.521613,400
2008-01-15,7.900000,7.900000,7.900000,7.900000,3.521613,800
2008-01-16,8.000000,8.070000,7.500000,8.000000,3.566190,5900
2008-01-17,7.900000,7.900000,7.500000,7.750000,3.454747,4800
2008-01-18,7.750000,7.750000,7.750000,7.750000,3.454747,100
2008-01-22,7.750000,7.750000,7.750000,7.750000,3.454747,100
2008-01-23,7.700000,7.950000,7.500000,7.950000,3.543901,3100
2008-01-24,7.750000,7.800000,7.500000,7.800000,3.477035,3700
2008-01-25,7.900000,7.900000,7.400000,7.400000,3.298726,1700
2008-01-28,7.400000,7.400000,7.200000,7.200000,3.209571,500
2008-01-29,7.300000,7.300000,7.200000,7.300000,3.254149,5000
2008-01-30,7.400000,7.400000,7.210000,7.400000,3.298726,2000
2008-01-31,7.210000,7.450000,7.210000,7.210000,3.214030,700
2008-02-01,7.150000,7.310000,7.150000,7.250000,3.231860,2100
2008-02-04,7.450000,7.450000,7.450000,7.450000,3.321015,200
2008-02-05,7.490000,7.490000,7.490000,7.490000,3.338845,1000
2008-02-06,7.490000,7.490000,7.490000,7.490000,3.338845,0
2008-02-07,7.400000,7.650000,7.400000,7.650000,3.410170,4000
2008-02-08,7.650000,7.650000,7.650000,7.650000,3.410170,300
2008-02-11,7.650000,7.650000,7.650000,7.650000,3.410170,0
2008-02-12,7.650000,7.650000,7.650000,7.650000,3.410170,0
2008-02-13,7.650000,7.800000,7.650000,7.800000,3.477035,700
2008-02-14,7.650000,7.850000,7.650000,7.850000,3.499324,300
2008-02-15,7.850000,7.850000,7.850000,7.850000,3.499324,0
2008-02-19,7.650000,7.660000,7.650000,7.650000,3.410170,300
2008-02-20,7.650000,7.650000,7.650000,7.650000,3.410170,0
2008-02-21,7.650000,7.650000,7.550000,7.550000,3.365592,800
2008-02-22,7.400000,7.600000,7.350000,7.600000,3.387881,800
2008-02-25,7.470000,7.470000,7.270000,7.350000,3.276437,900
2008-02-26,7.450000,7.450000,7.250000,7.400000,3.298726,2100
2008-02-27,7.500000,7.500000,7.500000,7.500000,3.343303,500
2008-02-28,7.650000,8.200000,7.650000,7.900000,3.521613,2500
2008-02-29,8.000000,8.000000,7.800000,7.830000,3.490408,600
2008-03-03,7.650000,7.650000,7.650000,7.650000,3.410170,500
2008-03-04,7.650000,7.650000,7.650000,7.650000,3.410170,0
2008-03-05,7.650000,7.650000,7.650000,7.650000,3.410170,0
2008-03-06,7.500000,7.500000,7.500000,7.500000,3.343303,100
2008-03-07,7.500000,7.500000,7.270000,7.500000,3.343303,1800
2008-03-10,7.350000,7.350000,7.250000,7.350000,3.276437,900
2008-03-11,7.260000,7.260000,7.260000,7.260000,3.236317,200
2008-03-12,7.400000,7.400000,7.400000,7.400000,3.298726,100
2008-03-13,7.260000,7.350000,7.260000,7.350000,3.276437,600
2008-03-14,7.350000,7.350000,7.350000,7.350000,3.276437,0
2008-03-17,7.350000,7.350000,7.350000,7.350000,3.276437,0
2008-03-18,7.350000,7.350000,7.350000,7.350000,3.276437,0
2008-03-19,7.210000,7.980000,7.210000,7.950000,3.543901,18000
2008-03-20,7.700000,7.700000,7.700000,7.700000,3.432458,800
2008-03-24,7.550000,7.550000,7.500000,7.500000,3.343303,700
2008-03-25,7.500000,7.500000,7.100000,7.350000,3.276437,2900
2008-03-26,7.500000,7.500000,7.500000,7.500000,3.343303,500
2008-03-27,7.500000,7.500000,7.500000,7.500000,3.343303,18000
2008-03-28,7.500000,7.500000,7.500000,7.500000,3.343303,0
2008-03-31,7.350000,7.450000,7.350000,7.450000,3.321015,200
2008-04-01,7.450000,7.450000,7.450000,7.450000,3.321015,0
2008-04-02,7.600000,7.680000,7.600000,7.680000,3.423542,700
2008-04-03,7.450000,7.450000,7.450000,7.450000,3.321015,600
2008-04-04,7.600000,7.600000,7.600000,7.600000,3.387881,200
2008-04-07,7.530000,7.530000,7.530000,7.530000,3.356676,100
2008-04-08,7.400000,7.400000,7.360000,7.400000,3.298726,2600
2008-04-09,7.310000,7.310000,7.310000,7.310000,3.258607,300
2008-04-10,7.400000,7.400000,7.400000,7.400000,3.298726,100
2008-04-11,7.480000,7.480000,7.400000,7.400000,3.298726,400
2008-04-14,7.400000,7.400000,7.400000,7.400000,3.298726,0
2008-04-15,7.400000,7.400000,7.400000,7.400000,3.298726,0
2008-04-16,7.400000,7.500000,7.400000,7.500000,3.343303,1400
2008-04-17,7.400000,7.400000,7.400000,7.400000,3.298726,100
2008-04-18,6.840000,7.400000,6.840000,7.300000,3.254149,3700
2008-04-21,7.300000,7.300000,7.300000,7.300000,3.254149,0
2008-04-22,7.300000,7.300000,7.300000,7.300000,3.254149,100
2008-04-23,7.300000,7.300000,7.300000,7.300000,3.254149,0
2008-04-24,7.150000,7.300000,7.150000,7.300000,3.254149,200
2008-04-25,7.250000,7.250000,7.250000,7.250000,3.231860,100
2008-04-28,7.250000,7.250000,7.250000,7.250000,3.231860,300
2008-04-29,7.250000,7.250000,7.250000,7.250000,3.231860,0
2008-04-30,7.300000,7.300000,7.300000,7.300000,3.254149,900
2008-05-01,7.250000,7.260000,7.100000,7.260000,3.236317,1000
2008-05-02,7.300000,7.400000,7.300000,7.400000,3.298726,900
2008-05-05,7.400000,7.400000,7.260000,7.260000,3.236317,1400
2008-05-06,7.740000,7.740000,7.550000,7.550000,3.365592,400
2008-05-07,7.550000,7.550000,7.550000,7.550000,3.365592,0
2008-05-08,7.550000,7.550000,7.550000,7.550000,3.365592,0
2008-05-09,7.550000,7.550000,7.550000,7.550000,3.365592,0
2008-05-12,7.500000,7.500000,7.400000,7.400000,3.298726,200
2008-05-13,7.400000,7.400000,7.400000,7.400000,3.298726,0
2008-05-14,7.400000,7.400000,7.400000,7.400000,3.298726,0
2008-05-15,7.250000,7.420000,6.850000,7.420000,3.307641,3300
2008-05-16,7.450000,7.600000,7.450000,7.600000,3.387881,600
2008-05-19,7.540000,7.540000,7.540000,7.540000,3.361135,200
2008-05-20,7.550000,7.600000,7.450000,7.600000,3.387881,500
2008-05-21,7.450000,7.450000,7.150000,7.350000,3.276437,1400
2008-05-22,7.350000,7.350000,7.350000,7.350000,3.276437,100
2008-05-23,7.150000,7.250000,7.150000,7.250000,3.231860,300
2008-05-27,7.220000,7.300000,7.220000,7.300000,3.254149,300
2008-05-28,7.210000,7.210000,7.210000,7.210000,3.214030,300
2008-05-29,7.150000,7.150000,7.150000,7.150000,3.187282,400
2008-05-30,7.350000,7.350000,7.150000,7.150000,3.187282,1000
2008-06-02,7.180000,7.180000,6.950000,7.180000,3.200655,2100
2008-06-03,6.820000,7.200000,6.820000,7.200000,3.209571,2800
2008-06-04,7.200000,7.200000,7.200000,7.200000,3.209571,0
2008-06-05,7.350000,7.750000,7.060000,7.350000,3.276437,4600
2008-06-06,7.350000,7.350000,7.350000,7.350000,3.276437,0
2008-06-09,7.210000,7.240000,7.210000,7.240000,3.227402,400
2008-06-10,7.240000,7.240000,7.240000,7.240000,3.227402,0
2008-06-11,7.210000,7.210000,7.210000,7.210000,3.214030,900
2008-06-12,7.210000,7.210000,7.210000,7.210000,3.214030,0
2008-06-13,7.000000,7.250000,7.000000,7.250000,3.231860,2000
2008-06-16,7.060000,7.060000,7.060000,7.060000,3.147163,300
2008-06-17,6.970000,7.200000,6.970000,7.010000,3.124874,2800
2008-06-18,7.010000,7.010000,7.010000,7.010000,3.124874,0
2008-06-19,7.010000,7.010000,7.010000,7.010000,3.124874,0
2008-06-20,7.010000,7.010000,7.010000,7.010000,3.124874,0
2008-06-23,7.010000,7.010000,7.010000,7.010000,3.124874,0
2008-06-24,7.000000,7.000000,7.000000,7.000000,3.120417,200
2008-06-25,7.000000,7.000000,7.000000,7.000000,3.120417,0
2008-06-26,7.000000,7.000000,7.000000,7.000000,3.120417,200
2008-06-27,7.000000,7.000000,7.000000,7.000000,3.120417,600
2008-06-30,6.850000,6.970000,6.450000,6.700000,2.986684,3800
2008-07-01,6.510000,6.600000,6.510000,6.600000,2.942107,2200
2008-07-02,6.510000,6.510000,6.510000,6.510000,2.901987,500
2008-07-03,6.320000,6.500000,6.320000,6.500000,2.897529,900
2008-07-07,6.490000,6.560000,6.410000,6.560000,2.924276,1800
2008-07-08,6.560000,6.560000,6.560000,6.560000,2.924276,0
2008-07-09,6.190000,6.560000,6.060000,6.300000,2.808375,26000
2008-07-10,6.290000,6.290000,6.290000,6.290000,2.803917,2000
2008-07-11,6.250000,6.250000,6.250000,6.250000,2.786086,300
2008-07-14,6.250000,6.250000,6.250000,6.250000,2.786086,0
2008-07-15,6.160000,6.160000,6.100000,6.100000,2.719220,900
2008-07-16,6.050000,6.100000,6.050000,6.100000,2.719220,1100
2008-07-17,6.100000,6.250000,6.100000,6.250000,2.786086,300
2008-07-18,6.100000,6.250000,5.300000,6.250000,2.786086,9300
2008-07-21,6.250000,6.250000,6.050000,6.050000,2.696931,2200
2008-07-22,6.150000,6.150000,5.900000,6.100000,2.719220,3500
2008-07-23,6.290000,6.800000,6.290000,6.530000,2.910903,3400
2008-07-24,6.530000,6.530000,6.530000,6.530000,2.910903,0
2008-07-25,6.590000,6.590000,6.440000,6.440000,2.870783,1000
2008-07-28,6.350000,6.350000,6.350000,6.350000,2.830663,600
2008-07-29,6.200000,6.500000,6.200000,6.500000,2.897529,1800
2008-07-30,6.500000,6.500000,6.500000,6.500000,2.897529,0
2008-07-31,6.400000,6.500000,6.400000,6.500000,2.897529,1400
2008-08-01,6.600000,6.600000,6.600000,6.600000,2.942107,200
2008-08-04,6.600000,6.600000,6.500000,6.600000,2.942107,1200
2008-08-05,6.700000,6.700000,6.700000,6.700000,2.986684,500
2008-08-06,6.800000,6.800000,6.800000,6.800000,3.031262,900
2008-08-07,6.610000,6.610000,6.610000,6.610000,2.946565,1000
2008-08-08,6.610000,6.610000,6.610000,6.610000,2.946565,0
2008-08-11,6.800000,6.870000,6.800000,6.870000,3.062466,1600
2008-08-12,6.750000,6.800000,6.750000,6.800000,3.031262,2400
2008-08-13,6.800000,6.800000,6.800000,6.800000,3.031262,0
2008-08-14,6.900000,6.900000,6.820000,6.820000,3.040177,400
2008-08-15,6.900000,6.900000,6.900000,6.900000,3.075840,800
2008-08-18,6.920000,7.080000,6.670000,6.900000,3.075840,1500
2008-08-19,6.920000,7.080000,6.530000,6.660000,2.968853,4100
2008-08-20,6.660000,6.660000,6.660000,6.660000,2.968853,0
2008-08-21,6.750000,7.000000,6.630000,6.800000,3.031262,8300
2008-08-22,6.900000,6.900000,6.900000,6.900000,3.075840,1000
2008-08-25,6.900000,6.900000,6.900000,6.900000,3.075840,0
2008-08-26,6.950000,6.950000,6.950000,6.950000,3.098127,300
2008-08-27,6.950000,6.950000,6.920000,6.920000,3.084754,1300
2008-08-28,7.000000,7.100000,6.980000,7.100000,3.164994,1000
2008-08-29,7.100000,7.100000,7.100000,7.100000,3.164994,0
2008-09-02,7.150000,7.300000,7.150000,7.300000,3.254149,1600
2008-09-03,7.000000,7.000000,7.000000,7.000000,3.120417,800
2008-09-04,6.910000,6.910000,6.910000,6.910000,3.080297,200
2008-09-05,6.910000,6.910000,6.910000,6.910000,3.080297,0
2008-09-08,7.490000,7.490000,7.100000,7.100000,3.164994,300
2008-09-09,7.000000,7.000000,6.750000,6.750000,3.008973,3900
2008-09-10,6.600000,6.630000,6.600000,6.630000,2.955480,200
2008-09-11,6.630000,6.630000,6.630000,6.630000,2.955480,0
2008-09-12,6.950000,6.950000,6.950000,6.950000,3.098127,200
2008-09-15,6.950000,6.950000,6.950000,6.950000,3.098127,0
2008-09-16,7.000000,7.000000,7.000000,7.000000,3.120417,300
2008-09-17,6.800000,6.800000,6.600000,6.700000,2.986684,600
2008-09-18,6.700000,6.700000,6.300000,6.300000,2.808375,3200
2008-09-19,6.900000,7.300000,6.400000,6.600000,2.942107,2700
2008-09-22,6.600000,6.600000,6.600000,6.600000,2.942107,0
2008-09-23,6.650000,6.650000,6.650000,6.650000,2.964396,100
2008-09-24,6.650000,6.650000,6.320000,6.320000,2.817291,1300
2008-09-25,6.600000,6.600000,6.300000,6.300000,2.808375,500
2008-09-26,6.300000,7.300000,6.300000,6.700000,2.986684,4800
2008-09-29,6.700000,6.700000,6.700000,6.700000,2.986684,0
2008-09-30,6.500000,6.700000,6.200000,6.520000,2.906445,1800
2008-10-01,6.600000,6.600000,6.600000,6.600000,2.942107,1000
2008-10-02,6.500000,6.510000,6.500000,6.510000,2.901987,5700
2008-10-03,6.400000,6.400000,6.400000,6.400000,2.852952,7000
2008-10-06,5.900000,5.900000,5.400000,5.750000,2.563200,8400
2008-10-07,5.750000,5.750000,5.750000,5.750000,2.563200,200
2008-10-08,5.600000,5.600000,5.000000,5.250000,2.340312,3100
2008-10-09,5.000000,5.500000,5.000000,5.460000,2.433925,4100
2008-10-10,5.250000,5.400000,4.420000,5.000000,2.228869,7400
2008-10-13,4.710000,4.950000,4.710000,4.900000,2.184292,1800
2008-10-14,4.950000,5.200000,4.950000,5.200000,2.318023,1400
2008-10-15,5.100000,5.100000,5.000000,5.000000,2.228869,400
2008-10-16,5.000000,5.000000,5.000000,5.000000,2.228869,0
2008-10-17,4.750000,5.000000,4.750000,5.000000,2.228869,6200
2008-10-20,5.000000,5.100000,5.000000,5.100000,2.273446,1300
2008-10-21,5.150000,5.200000,5.150000,5.200000,2.318023,2100
2008-10-22,4.900000,4.900000,4.900000,4.900000,2.184292,1500
2008-10-23,5.000000,5.000000,4.900000,4.900000,2.184292,300
2008-10-24,4.900000,4.900000,4.900000,4.900000,2.184292,1300
2008-10-27,4.900000,4.900000,4.900000,4.900000,2.184292,0
2008-10-28,5.100000,5.100000,5.100000,5.100000,2.273446,200
2008-10-29,5.100000,5.100000,5.100000,5.100000,2.273446,0
2008-10-30,5.050000,5.070000,4.950000,5.000000,2.228869,3900
2008-10-31,5.100000,5.100000,5.100000,5.100000,2.273446,1000
2008-11-03,5.100000,5.100000,5.100000,5.100000,2.273446,700
2008-11-04,5.200000,5.250000,5.110000,5.250000,2.340312,4800
2008-11-05,5.250000,5.250000,5.250000,5.250000,2.340312,4100
2008-11-06,5.250000,5.250000,5.250000,5.250000,2.340312,0
2008-11-07,5.100000,5.100000,5.100000,5.100000,2.273446,1500
2008-11-10,5.100000,5.100000,5.100000,5.100000,2.273446,0
2008-11-11,5.100000,5.100000,5.100000,5.100000,2.273446,6000
2008-11-12,5.100000,5.100000,5.100000,5.100000,2.273446,0
2008-11-13,5.000000,5.000000,5.000000,5.000000,2.228869,300
2008-11-14,5.000000,5.000000,5.000000,5.000000,2.228869,0
2008-11-17,5.000000,5.000000,5.000000,5.000000,2.228869,0
2008-11-18,5.000000,5.000000,5.000000,5.000000,2.228869,300
2008-11-19,5.000000,5.000000,5.000000,5.000000,2.228869,0
2008-11-20,4.900000,4.900000,4.720000,4.720000,2.104053,900
2008-11-21,4.720000,4.720000,4.720000,4.720000,2.104053,700
2008-11-24,4.220000,5.000000,4.220000,5.000000,2.228869,2400
2008-11-25,5.000000,5.000000,5.000000,5.000000,2.228869,0
2008-11-26,4.800000,4.950000,4.650000,4.950000,2.206580,900
2008-11-28,4.950000,4.950000,4.950000,4.950000,2.206580,0
2008-12-01,4.740000,4.900000,4.740000,4.900000,2.184292,800
2008-12-02,4.800000,4.830000,3.200000,4.830000,2.153087,1300
2008-12-03,4.700000,4.750000,4.500000,4.750000,2.117426,1700
2008-12-04,4.750000,4.750000,4.750000,4.750000,2.117426,0
2008-12-05,4.750000,4.750000,4.750000,4.750000,2.117426,0
2008-12-08,4.990000,5.000000,4.750000,4.950000,2.206580,3600
2008-12-09,4.700000,4.700000,3.820000,4.520000,2.014898,4700
2008-12-10,4.380000,4.380000,3.800000,4.000000,1.933219,7000
2008-12-11,3.950000,4.150000,3.150000,4.130000,1.996049,4600
2008-12-12,4.100000,4.100000,3.750000,4.000000,1.933219,4500
2008-12-15,4.050000,4.260000,4.050000,4.250000,2.054045,1200
2008-12-16,4.700000,4.700000,4.350000,4.700000,2.271532,10000
2008-12-17,4.470000,4.700000,4.470000,4.470000,2.160372,1900
2008-12-18,4.470000,4.470000,4.470000,4.470000,2.160372,0
2008-12-19,4.610000,4.800000,4.610000,4.800000,2.319863,700
2008-12-22,4.700000,5.050000,4.600000,4.940000,2.387526,2500
2008-12-23,5.000000,5.000000,5.000000,5.000000,2.416524,200
2008-12-24,5.500000,5.500000,4.750000,4.850000,2.344028,2800
2008-12-26,4.950000,5.350000,4.900000,5.350000,2.585680,35100
2008-12-29,5.450000,5.860000,5.400000,5.500000,2.658176,47600
2008-12-30,5.400000,5.550000,5.400000,5.550000,2.682341,9100
2008-12-31,5.400000,5.400000,5.000000,5.000000,2.416524,10300
2009-01-02,5.100000,5.200000,5.100000,5.200000,2.513184,400
2009-01-05,5.400000,5.600000,5.400000,5.600000,2.706506,600
2009-01-06,5.600000,5.600000,5.600000,5.600000,2.706506,0
2009-01-07,5.600000,5.600000,5.600000,5.600000,2.706506,0
2009-01-08,5.600000,5.600000,5.600000,5.600000,2.706506,0
2009-01-09,5.700000,5.700000,5.700000,5.700000,2.754836,1300
2009-01-12,5.800000,5.800000,5.800000,5.800000,2.803168,200
2009-01-13,5.600000,5.880000,5.600000,5.880000,2.841832,500
2009-01-14,5.880000,5.880000,5.880000,5.880000,2.841832,0
2009-01-15,5.880000,5.880000,5.880000,5.880000,2.841832,0
2009-01-16,5.800000,5.800000,5.800000,5.800000,2.803168,300
2009-01-20,5.600000,5.600000,5.360000,5.360000,2.590513,1100
2009-01-21,5.360000,5.360000,5.360000,5.360000,2.590513,0
2009-01-22,5.200000,5.200000,4.500000,4.500000,2.174871,7100
2009-01-23,4.500000,4.500000,4.500000,4.500000,2.174871,0
2009-01-26,4.500000,4.500000,4.500000,4.500000,2.174871,0
2009-01-27,4.600000,4.600000,4.600000,4.600000,2.223202,800
2009-01-28,4.590000,4.590000,4.590000,4.590000,2.218369,200
2009-01-29,4.530000,4.530000,4.350000,4.350000,2.102376,1400
2009-01-30,4.350000,4.350000,4.350000,4.350000,2.102376,0
2009-02-02,4.500000,4.500000,4.500000,4.500000,2.174871,900
2009-02-03,4.700000,4.700000,4.700000,4.700000,2.271532,500
2009-02-04,4.700000,4.700000,4.700000,4.700000,2.271532,0
2009-02-05,4.500000,4.500000,4.150000,4.500000,2.174871,3800
2009-02-06,4.200000,4.370000,4.000000,4.190000,2.025047,3800
2009-02-09,4.210000,4.210000,4.210000,4.210000,2.034713,600
2009-02-10,4.250000,4.250000,4.250000,4.250000,2.054045,1900
2009-02-11,4.260000,4.300000,4.260000,4.300000,2.078211,1700
2009-02-12,4.250000,4.250000,3.850000,4.240000,2.049212,3700
2009-02-13,4.190000,4.200000,4.060000,4.200000,2.029880,1000
2009-02-17,4.500000,4.500000,4.400000,4.400000,2.126541,2600
2009-02-18,4.400000,4.400000,4.400000,4.400000,2.126541,0
2009-02-19,4.200000,4.200000,4.050000,4.050000,1.957384,700
2009-02-20,4.100000,4.100000,4.050000,4.050000,1.957384,600
2009-02-23,4.050000,4.050000,4.050000,4.050000,1.957384,0
2009-02-24,3.650000,4.000000,3.650000,4.000000,1.933219,600
2009-02-25,3.900000,3.900000,3.850000,3.850000,1.860723,600
2009-02-26,3.850000,3.850000,3.630000,3.750000,1.812393,4200
2009-02-27,3.750000,3.750000,3.750000,3.750000,1.812393,12000
2009-03-02,3.750000,3.750000,3.600000,3.750000,1.812393,5200
2009-03-03,3.750000,3.750000,3.750000,3.750000,1.812393,0
2009-03-04,3.750000,3.750000,3.750000,3.750000,1.812393,0
2009-03-05,3.500000,3.600000,3.400000,3.400000,1.643236,900
2009-03-06,3.400000,3.400000,3.400000,3.400000,1.643236,0
2009-03-09,3.410000,3.410000,3.350000,3.350000,1.619071,1200
2009-03-10,3.340000,3.340000,3.200000,3.200000,1.546575,600
2009-03-11,3.350000,4.190000,3.230000,3.230000,1.561074,700
2009-03-12,3.400000,3.500000,3.260000,3.500000,1.691566,1400
2009-03-13,3.400000,3.500000,3.400000,3.500000,1.691566,900
2009-03-16,3.520000,3.550000,3.520000,3.550000,1.715732,700
2009-03-17,3.550000,3.550000,3.550000,3.550000,1.715732,0
2009-03-18,3.550000,3.550000,3.550000,3.550000,1.715732,0
2009-03-19,3.550000,3.550000,3.550000,3.550000,1.715732,0
2009-03-20,3.420000,3.420000,3.410000,3.410000,1.648069,500
2009-03-23,3.600000,3.600000,3.600000,3.600000,1.739897,200
2009-03-24,3.750000,3.750000,3.750000,3.750000,1.812393,200
2009-03-25,3.600000,3.630000,3.600000,3.630000,1.754396,500
2009-03-26,3.660000,3.750000,3.480000,3.750000,1.812393,1800
2009-03-27,3.900000,3.900000,3.900000,3.900000,1.884889,200
2009-03-30,4.000000,4.000000,3.990000,4.000000,1.933219,1000
2009-03-31,4.000000,4.000000,4.000000,4.000000,1.933219,0
2009-04-01,4.000000,4.000000,4.000000,4.000000,1.933219,0
2009-04-02,4.000000,4.000000,4.000000,4.000000,1.933219,0
2009-04-03,4.000000,4.000000,4.000000,4.000000,1.933219,100
2009-04-06,4.000000,4.000000,4.000000,4.000000,1.933219,0
2009-04-07,4.100000,4.460000,4.100000,4.460000,2.155539,900
2009-04-08,4.460000,4.460000,4.460000,4.460000,2.155539,0
2009-04-09,4.460000,4.460000,4.460000,4.460000,2.155539,0
2009-04-13,4.320000,4.320000,4.320000,4.320000,2.087877,200
2009-04-14,4.320000,4.320000,4.320000,4.320000,2.087877,0
2009-04-15,4.320000,4.320000,4.320000,4.320000,2.087877,0
2009-04-16,4.280000,4.530000,4.040000,4.350000,2.102376,4600
2009-04-17,4.350000,4.350000,4.350000,4.350000,2.102376,0
2009-04-20,4.350000,4.350000,4.350000,4.350000,2.102376,0
2009-04-21,4.350000,4.350000,4.350000,4.350000,2.102376,0
2009-04-22,3.950000,4.400000,3.950000,4.180000,2.020214,9000
2009-04-23,4.100000,4.340000,3.950000,4.340000,2.097543,4600
2009-04-24,4.000000,4.360000,4.000000,4.180000,2.020214,2200
2009-04-27,4.250000,4.250000,4.100000,4.100000,1.981550,900
2009-04-28,4.110000,4.110000,4.110000,4.110000,1.986383,500
2009-04-29,4.650000,4.650000,4.300000,4.300000,2.078211,2300
2009-04-30,4.000000,4.400000,4.000000,4.220000,2.039546,6100
2009-05-01,4.190000,5.250000,4.190000,5.000000,2.416524,11200
2009-05-04,4.880000,5.100000,4.870000,5.100000,2.464854,2200
2009-05-05,5.100000,5.100000,5.100000,5.100000,2.464854,0
2009-05-06,5.100000,5.100000,4.530000,4.910000,2.373026,6700
2009-05-07,4.900000,5.000000,4.900000,5.000000,2.416524,3800
2009-05-08,5.250000,5.400000,4.770000,5.000000,2.416524,1600
2009-05-11,5.000000,5.000000,5.000000,5.000000,2.416524,0
2009-05-12,4.740000,4.740000,4.740000,4.740000,2.290865,100
2009-05-13,4.700000,4.700000,4.700000,4.700000,2.271532,100
2009-05-14,4.500000,4.700000,4.460000,4.700000,2.271532,3200
2009-05-15,4.700000,4.700000,4.700000,4.700000,2.271532,0
2009-05-18,4.700000,4.700000,4.700000,4.700000,2.271532,0
2009-05-19,4.700000,4.700000,4.700000,4.700000,2.271532,0
2009-05-20,4.700000,4.700000,4.700000,4.700000,2.271532,0
2009-05-21,4.700000,4.700000,4.700000,4.700000,2.271532,0
2009-05-22,4.700000,4.700000,4.700000,4.700000,2.271532,0
2009-05-26,4.700000,4.700000,4.700000,4.700000,2.271532,0
2009-05-27,4.450000,4.670000,4.100000,4.670000,2.257033,1100
2009-05-28,4.670000,4.670000,4.670000,4.670000,2.257033,0
2009-05-29,4.650000,4.750000,4.650000,4.750000,2.295698,200
2009-06-01,4.750000,4.750000,4.750000,4.750000,2.295698,0
2009-06-02,4.750000,4.750000,4.750000,4.750000,2.295698,0
2009-06-03,4.900000,4.900000,4.900000,4.900000,2.368193,100
2009-06-04,4.900000,4.900000,4.900000,4.900000,2.368193,0
2009-06-05,4.900000,4.900000,4.900000,4.900000,2.368193,0
2009-06-08,4.900000,4.900000,4.900000,4.900000,2.368193,0
2009-06-09,4.800000,4.990000,4.800000,4.990000,2.411690,4900
2009-06-10,4.990000,4.990000,4.990000,4.990000,2.411690,0
2009-06-11,4.720000,4.980000,4.610000,4.980000,2.406858,700
2009-06-12,4.750000,4.750000,4.750000,4.750000,2.295698,400
2009-06-15,5.100000,5.100000,4.700000,4.700000,2.271532,2000
2009-06-16,4.990000,5.100000,4.990000,5.100000,2.464854,1200
2009-06-17,5.100000,5.100000,5.100000,5.100000,2.464854,0
2009-06-18,5.100000,5.100000,5.100000,5.100000,2.464854,0
2009-06-19,5.100000,5.100000,5.100000,5.100000,2.464854,0
2009-06-22,5.100000,5.100000,5.100000,5.100000,2.464854,0
2009-06-23,5.000000,5.000000,4.800000,4.800000,2.319863,1100
2009-06-24,5.040000,5.540000,5.040000,5.350000,2.585680,1800
2009-06-25,5.310000,5.350000,4.680000,5.350000,2.585680,5500
2009-06-26,5.110000,5.110000,4.750000,4.750000,2.295698,1600
2009-06-29,4.750000,4.750000,4.750000,4.750000,2.295698,0
2009-06-30,4.900000,4.900000,4.900000,4.900000,2.368193,100
2009-07-01,4.750000,4.750000,4.570000,4.730000,2.286031,800
2009-07-02,4.600000,4.600000,4.410000,4.410000,2.131374,400
2009-07-06,4.410000,4.410000,4.410000,4.410000,2.131374,0
2009-07-07,4.410000,4.410000,4.410000,4.410000,2.131374,0
2009-07-08,4.410000,4.410000,4.410000,4.410000,2.131374,0
2009-07-09,4.800000,4.800000,4.800000,4.800000,2.319863,100
2009-07-10,4.640000,4.640000,4.120000,4.640000,2.242534,2700
2009-07-13,4.640000,4.640000,4.640000,4.640000,2.242534,0
2009-07-14,4.420000,4.420000,4.420000,4.420000,2.136207,200
2009-07-15,4.880000,4.880000,4.500000,4.800000,2.319863,2600
2009-07-16,5.230000,5.230000,5.230000,5.230000,2.527684,200
2009-07-17,5.230000,5.230000,5.230000,5.230000,2.527684,0
2009-07-20,4.800000,5.000000,4.800000,5.000000,2.416524,3000
2009-07-21,4.800000,4.840000,4.800000,4.800000,2.319863,4200
2009-07-22,5.190000,5.190000,4.770000,4.980000,2.406858,9400
2009-07-23,4.850000,5.010000,4.850000,5.010000,2.421356,600
2009-07-24,5.010000,5.010000,5.010000,5.010000,2.421356,0
2009-07-27,4.900000,4.900000,4.850000,4.850000,2.344028,900
2009-07-28,4.850000,4.850000,4.850000,4.850000,2.344028,0
2009-07-29,4.850000,4.850000,4.850000,4.850000,2.344028,0
2009-07-30,4.850000,4.850000,4.850000,4.850000,2.344028,0
2009-07-31,4.850000,4.850000,4.850000,4.850000,2.344028,0
2009-08-03,4.850000,4.850000,4.850000,4.850000,2.344028,0
2009-08-04,5.100000,5.420000,5.100000,5.320000,2.571181,500
2009-08-05,5.350000,5.350000,5.140000,5.140000,2.484186,200
2009-08-06,5.140000,5.140000,5.140000,5.140000,2.484186,0
2009-08-07,5.140000,5.140000,5.140000,5.140000,2.484186,0
2009-08-10,5.140000,5.140000,5.140000,5.140000,2.484186,0
2009-08-11,5.140000,5.140000,5.140000,5.140000,2.484186,0
2009-08-12,5.140000,5.140000,5.140000,5.140000,2.484186,0
2009-08-13,5.140000,5.140000,5.140000,5.140000,2.484186,0
2009-08-14,5.200000,5.200000,4.730000,5.000000,2.416524,1400
2009-08-17,5.000000,5.000000,5.000000,5.000000,2.416524,0
2009-08-18,5.000000,5.030000,5.000000,5.030000,2.431023,700
2009-08-19,5.030000,5.030000,5.030000,5.030000,2.431023,0
2009-08-20,5.030000,5.030000,5.030000,5.030000,2.431023,0
2009-08-21,5.170000,5.300000,5.150000,5.300000,2.561515,8800
2009-08-24,5.300000,5.300000,5.300000,5.300000,2.561515,0
2009-08-25,5.300000,5.300000,5.300000,5.300000,2.561515,0
2009-08-26,5.300000,5.300000,5.300000,5.300000,2.561515,0
2009-08-27,5.300000,5.300000,5.020000,5.020000,2.426190,2800
2009-08-28,5.100000,5.320000,5.100000,5.320000,2.571181,900
2009-08-31,5.130000,5.130000,5.100000,5.100000,2.464854,900
2009-09-01,5.220000,5.220000,5.000000,5.050000,2.440689,4600
2009-09-02,5.050000,5.050000,5.000000,5.000000,2.416524,1100
2009-09-03,4.910000,5.100000,4.900000,4.930000,2.382692,2200
2009-09-04,5.270000,5.500000,5.000000,5.100000,2.464854,9900
2009-09-08,5.100000,5.100000,5.100000,5.100000,2.464854,0
2009-09-09,5.250000,5.250000,5.050000,5.250000,2.537350,3300
2009-09-10,5.250000,5.340000,5.080000,5.340000,2.580847,2400
2009-09-11,5.200000,5.350000,5.160000,5.350000,2.585680,4700
2009-09-14,5.350000,5.350000,5.350000,5.350000,2.585680,200
2009-09-15,5.350000,5.350000,5.350000,5.350000,2.585680,0
2009-09-16,5.500000,5.600000,5.500000,5.600000,2.706506,800
2009-09-17,5.600000,5.750000,5.600000,5.750000,2.779002,3000
2009-09-18,5.900000,5.910000,5.760000,5.760000,2.783835,800
2009-09-21,6.000000,6.170000,5.910000,5.930000,2.865997,2300
2009-09-22,5.930000,5.930000,5.930000,5.930000,2.865997,300
2009-09-23,5.930000,5.930000,5.900000,5.900000,2.851498,2200
2009-09-24,5.910000,6.400000,5.910000,6.340000,3.064152,5100
2009-09-25,6.340000,6.340000,6.340000,6.340000,3.064152,300
2009-09-28,6.000000,6.000000,6.000000,6.000000,2.899828,400
2009-09-29,6.000000,6.000000,6.000000,6.000000,2.899828,0
2009-09-30,6.120000,6.120000,6.120000,6.120000,2.957825,100
2009-10-01,6.120000,6.120000,6.120000,6.120000,2.957825,0
2009-10-02,6.120000,6.120000,6.120000,6.120000,2.957825,0
2009-10-05,6.120000,6.120000,6.120000,6.120000,2.957825,0
2009-10-06,6.250000,6.250000,5.600000,5.800000,2.803168,3600
2009-10-07,5.700000,5.700000,5.700000,5.700000,2.754836,300
2009-10-08,5.700000,5.700000,5.700000,5.700000,2.754836,0
2009-10-09,5.590000,5.590000,5.500000,5.550000,2.682341,3400
2009-10-12,5.620000,5.650000,5.400000,5.650000,2.730672,800
2009-10-13,5.700000,5.700000,5.500000,5.500000,2.658176,500
2009-10-14,5.510000,5.530000,5.510000,5.530000,2.672675,1300
2009-10-15,5.530000,5.530000,5.530000,5.530000,2.672675,0
2009-10-16,5.630000,5.630000,5.600000,5.600000,2.706506,200
2009-10-19,5.600000,5.600000,5.500000,5.550000,2.682341,3800
2009-10-20,5.600000,5.700000,5.600000,5.700000,2.754836,600
2009-10-21,5.900000,5.900000,5.900000,5.900000,2.851498,200
2009-10-22,5.900000,5.900000,5.900000,5.900000,2.851498,0
2009-10-23,6.000000,6.000000,6.000000,6.000000,2.899828,1000
2009-10-26,6.000000,6.000000,6.000000,6.000000,2.899828,0
2009-10-27,6.000000,6.000000,6.000000,6.000000,2.899828,0
2009-10-28,5.750000,5.760000,5.250000,5.750000,2.779002,3800
2009-10-29,5.600000,5.700000,5.600000,5.650000,2.730672,700
2009-10-30,5.600000,5.600000,5.600000,5.600000,2.706506,2000
2009-11-02,5.900000,5.900000,5.900000,5.900000,2.851498,200
2009-11-03,5.900000,5.900000,5.900000,5.900000,2.851498,0
2009-11-04,5.900000,5.900000,5.900000,5.900000,2.851498,0
2009-11-05,5.700000,5.700000,5.220000,5.220000,2.522851,700
2009-11-06,5.600000,5.650000,5.140000,5.650000,2.730672,7400
2009-11-09,5.550000,5.900000,5.550000,5.900000,2.851498,900
2009-11-10,5.700000,5.900000,5.680000,5.900000,2.851498,700
2009-11-11,5.900000,5.900000,5.900000,5.900000,2.851498,0
2009-11-12,5.700000,5.800000,5.660000,5.800000,2.803168,1200
2009-11-13,5.880000,5.900000,5.880000,5.900000,2.851498,700
2009-11-16,5.990000,5.990000,5.990000,5.990000,2.894995,100
2009-11-17,6.070000,6.070000,6.070000,6.070000,2.933660,100
2009-11-18,6.070000,6.070000,6.070000,6.070000,2.933660,0
2009-11-19,6.000000,6.000000,5.460000,5.830000,2.817667,1400
2009-11-20,5.700000,5.700000,5.700000,5.700000,2.754836,300
2009-11-23,5.700000,5.700000,5.700000,5.700000,2.754836,0
2009-11-24,5.700000,5.700000,5.700000,5.700000,2.754836,0
2009-11-25,5.700000,5.700000,5.700000,5.700000,2.754836,0
2009-11-27,6.000000,6.350000,5.550000,5.800000,2.803168,3900
2009-11-30,5.990000,6.000000,5.990000,6.000000,2.899828,500
2009-12-01,6.000000,6.000000,6.000000,6.000000,2.899828,0
2009-12-02,5.900000,5.910000,5.400000,5.760000,2.783835,4100
2009-12-03,5.850000,5.850000,5.850000,5.850000,2.827333,300
2009-12-04,5.930000,5.930000,5.900000,5.900000,2.851498,2900
2009-12-07,6.000000,6.000000,6.000000,6.000000,2.899828,300
2009-12-08,6.000000,6.000000,6.000000,6.000000,2.899828,0
2009-12-09,6.000000,6.000000,6.000000,6.000000,2.924196,0
2009-12-10,6.000000,6.000000,6.000000,6.000000,2.924196,0
2009-12-11,6.000000,6.000000,6.000000,6.000000,2.924196,0
2009-12-14,6.090000,6.100000,6.090000,6.100000,2.972933,3400
2009-12-15,6.080000,6.080000,5.700000,5.750000,2.802355,4200
2009-12-16,5.800000,5.800000,5.800000,5.800000,2.826724,1000
2009-12-17,5.800000,5.800000,5.800000,5.800000,2.826724,0
2009-12-18,5.800000,5.800000,5.800000,5.800000,2.826724,0
2009-12-21,5.910000,5.910000,5.900000,5.900000,2.875460,3100
2009-12-22,5.980000,5.980000,5.970000,5.980000,2.914449,4600
2009-12-23,6.020000,6.020000,6.020000,6.020000,2.933944,100
2009-12-24,5.920000,6.040000,5.900000,6.040000,2.943691,2200
2009-12-28,6.210000,6.250000,6.050000,6.250000,3.046039,1700
2009-12-29,6.360000,6.590000,6.360000,6.590000,3.211743,12300
2009-12-30,6.410000,6.550000,6.400000,6.550000,3.192248,1600
2009-12-31,6.580000,6.580000,6.180000,6.390000,3.114270,2100
2010-01-04,6.340000,6.360000,6.340000,6.340000,3.089901,800
2010-01-05,6.280000,6.280000,6.200000,6.200000,3.021670,800
2010-01-06,6.050000,6.050000,6.040000,6.040000,2.943691,300
2010-01-07,6.040000,6.040000,6.040000,6.040000,2.943691,0
2010-01-08,6.050000,6.090000,5.920000,6.090000,2.968060,1700
2010-01-11,6.200000,6.200000,6.200000,6.200000,3.021670,600
2010-01-12,6.200000,6.200000,6.200000,6.200000,3.021670,0
2010-01-13,6.200000,6.200000,6.200000,6.200000,3.021670,0
2010-01-14,6.230000,6.230000,6.080000,6.080000,2.963186,600
2010-01-15,6.080000,6.080000,6.080000,6.080000,2.963186,0
2010-01-19,6.210000,6.610000,6.210000,6.310000,3.075280,2600
2010-01-20,5.330000,6.290000,5.330000,6.100000,2.972933,20500
2010-01-21,6.140000,6.140000,6.120000,6.120000,2.982681,300
2010-01-22,6.100000,6.180000,6.100000,6.120000,2.982681,1400
2010-01-25,6.160000,6.180000,6.010000,6.010000,2.929070,700
2010-01-26,6.010000,6.020000,6.010000,6.020000,2.933944,500
2010-01-27,6.030000,6.050000,6.030000,6.050000,2.948565,300
2010-01-28,5.960000,6.190000,5.960000,6.050000,2.948565,5800
2010-01-29,6.050000,6.110000,5.730000,6.110000,2.977807,3900
2010-02-01,6.110000,6.110000,6.090000,6.100000,2.972933,500
2010-02-02,6.090000,6.090000,5.700000,6.070000,2.958313,2100
2010-02-03,6.060000,6.060000,5.400000,5.990000,2.919322,4000
2010-02-04,6.000000,6.010000,6.000000,6.010000,2.929070,500
2010-02-05,6.000000,6.000000,6.000000,6.000000,2.924196,1300
2010-02-08,6.000000,6.000000,6.000000,6.000000,2.924196,0
2010-02-09,6.050000,6.050000,6.050000,6.050000,2.948565,100
2010-02-10,5.860000,5.860000,5.530000,5.850000,2.851092,10400
2010-02-11,5.870000,6.010000,5.860000,6.010000,2.929070,900
2010-02-12,6.010000,6.010000,6.010000,6.010000,2.929070,100
2010-02-16,6.010000,6.010000,6.010000,6.010000,2.929070,0
2010-02-17,6.010000,6.010000,6.010000,6.010000,2.929070,0
2010-02-18,6.100000,6.100000,5.560000,6.040000,2.943691,9900
2010-02-19,6.060000,6.060000,5.960000,5.960000,2.904702,600
2010-02-22,6.000000,6.000000,5.860000,5.910000,2.880333,9500
2010-02-23,5.980000,5.990000,5.980000,5.990000,2.919322,300
2010-02-24,5.990000,5.990000,5.990000,5.990000,2.919322,0
2010-02-25,5.860000,5.900000,5.810000,5.900000,2.875460,900
2010-02-26,5.840000,5.930000,5.820000,5.900000,2.875460,600
2010-03-01,5.950000,6.020000,5.950000,6.020000,2.933944,700
2010-03-02,6.020000,6.170000,6.020000,6.060000,2.953439,1500
2010-03-03,6.030000,6.030000,6.030000,6.030000,2.938818,1000
2010-03-04,6.030000,6.030000,6.030000,6.030000,2.938818,0
2010-03-05,6.110000,6.150000,6.050000,6.150000,2.997302,1500
2010-03-08,6.050000,6.160000,6.050000,6.060000,2.953439,2500
2010-03-09,5.890000,6.060000,5.820000,6.050000,2.948565,4800
2010-03-10,6.040000,6.240000,5.900000,6.160000,3.002175,2400
2010-03-11,6.160000,6.160000,6.160000,6.160000,3.002175,0
2010-03-12,6.120000,6.160000,6.120000,6.160000,3.002175,2200
2010-03-15,6.120000,6.240000,6.120000,6.160000,3.002175,700
2010-03-16,6.160000,6.160000,6.160000,6.160000,3.002175,1200
2010-03-17,6.160000,6.160000,6.160000,6.160000,3.002175,0
2010-03-18,6.160000,6.160000,6.160000,6.160000,3.002175,0
2010-03-19,6.090000,6.110000,5.850000,6.090000,2.968060,1400
2010-03-22,6.090000,6.090000,6.090000,6.090000,2.968060,0
2010-03-23,6.150000,6.150000,6.150000,6.150000,2.997302,200
2010-03-24,6.150000,6.150000,6.150000,6.150000,2.997302,0
2010-03-25,6.230000,6.710000,6.230000,6.430000,3.133764,4000
2010-03-26,6.480000,6.690000,6.390000,6.390000,3.114270,2000
2010-03-29,6.250000,6.260000,6.120000,6.250000,3.046039,3100
2010-03-30,6.250000,6.250000,6.250000,6.250000,3.046039,0
2010-03-31,6.400000,6.400000,6.400000,6.400000,3.119143,300
2010-04-01,6.270000,6.420000,6.200000,6.300000,3.070406,7200
2010-04-05,6.300000,6.300000,6.300000,6.300000,3.070406,0
2010-04-06,6.300000,6.300000,6.300000,6.300000,3.070406,0
2010-04-07,6.300000,6.350000,6.050000,6.350000,3.094774,3600
2010-04-08,6.350000,6.350000,6.350000,6.350000,3.094774,0
2010-04-09,6.350000,6.350000,6.350000,6.350000,3.094774,0
2010-04-12,6.500000,6.500000,6.500000,6.500000,3.167879,200
2010-04-13,6.500000,6.500000,6.190000,6.350000,3.094774,5600
2010-04-14,6.500000,6.700000,6.250000,6.700000,3.265353,2800
2010-04-15,6.550000,6.840000,6.400000,6.840000,3.333584,3100
2010-04-16,6.990000,7.300000,6.990000,7.030000,3.426184,3100
2010-04-19,6.880000,6.880000,6.100000,6.560000,3.197122,6100
2010-04-20,6.620000,6.660000,6.610000,6.660000,3.245858,1200
2010-04-21,6.810000,6.810000,6.800000,6.800000,3.314090,300
2010-04-22,7.250000,7.250000,6.950000,6.950000,3.387194,1300
2010-04-23,6.800000,6.800000,6.800000,6.800000,3.314090,100
2010-04-26,6.500000,6.560000,6.450000,6.560000,3.197122,4700
2010-04-27,6.710000,6.710000,6.710000,6.710000,3.270227,100
2010-04-28,6.700000,6.700000,6.700000,6.700000,3.265353,200
2010-04-29,6.570000,6.630000,6.360000,6.630000,3.231237,4400
2010-04-30,6.630000,6.630000,6.630000,6.630000,3.231237,0
2010-05-03,6.170000,6.650000,6.170000,6.640000,3.236110,5000
2010-05-04,6.650000,6.680000,6.650000,6.680000,3.255606,1900
2010-05-05,6.680000,6.680000,6.680000,6.680000,3.255606,0
2010-05-06,6.620000,6.620000,6.150000,6.250000,3.046039,4800
2010-05-07,6.140000,6.150000,6.000000,6.000000,2.924196,1000
2010-05-10,6.280000,6.380000,6.040000,6.150000,2.997302,3100
2010-05-11,6.010000,6.010000,6.010000,6.010000,2.929070,600
2010-05-12,6.280000,6.290000,6.280000,6.290000,3.065533,400
2010-05-13,6.340000,6.340000,6.000000,6.150000,2.997302,1300
2010-05-14,6.150000,6.150000,6.150000,6.150000,2.997302,0
2010-05-17,6.240000,6.240000,6.010000,6.160000,3.002175,4000
2010-05-18,6.160000,6.160000,6.160000,6.160000,3.002175,0
2010-05-19,6.010000,6.080000,6.000000,6.080000,2.963186,2900
2010-05-20,5.930000,5.930000,5.850000,5.850000,2.851092,1800
2010-05-21,5.960000,6.000000,5.960000,6.000000,2.924196,900
2010-05-24,6.000000,6.000000,6.000000,6.000000,2.924196,0
2010-05-25,5.720000,5.850000,5.350000,5.810000,2.831597,3800
2010-05-26,5.900000,5.900000,5.550000,5.800000,2.826724,8100
2010-05-27,5.840000,5.980000,5.840000,5.970000,2.909575,4400
2010-05-28,5.950000,5.950000,5.740000,5.950000,2.899828,4600
2010-06-01,5.980000,5.980000,5.970000,5.970000,2.909575,600
2010-06-02,5.850000,6.100000,5.500000,6.100000,2.972933,12800
2010-06-03,5.980000,6.090000,5.980000,6.090000,2.968060,3000
2010-06-04,6.090000,6.090000,6.090000,6.090000,2.968060,0
2010-06-07,5.990000,5.990000,5.880000,5.880000,2.865713,1800
2010-06-08,5.880000,5.880000,5.880000,5.880000,2.865713,0
2010-06-09,6.000000,6.000000,5.870000,5.870000,2.860839,1900
2010-06-10,5.880000,6.000000,5.680000,6.000000,2.924196,3700
2010-06-11,6.000000,6.000000,6.000000,6.000000,2.924196,0
2010-06-14,6.000000,6.100000,6.000000,6.000000,2.924196,6100
2010-06-15,5.920000,6.020000,5.920000,6.020000,2.933944,900
2010-06-16,5.990000,6.100000,5.990000,6.100000,2.972933,12000
2010-06-17,6.010000,6.020000,5.990000,5.990000,2.919322,900
2010-06-18,5.990000,5.990000,5.990000,5.990000,2.919322,0
2010-06-21,5.990000,5.990000,5.990000,5.990000,2.919322,0
2010-06-22,5.900000,5.900000,5.820000,5.820000,2.836471,2500
2010-06-23,5.730000,5.930000,5.400000,5.920000,2.885207,9300
2010-06-24,5.920000,5.920000,5.920000,5.920000,2.885207,0
2010-06-25,5.920000,5.920000,5.920000,5.920000,2.885207,0
2010-06-28,5.780000,5.790000,5.760000,5.780000,2.816976,1100
2010-06-29,5.690000,5.740000,5.690000,5.700000,2.777986,3900
2010-06-30,5.640000,5.680000,5.450000,5.680000,2.768239,1900
2010-07-01,5.550000,5.670000,5.550000,5.670000,2.763366,1500
2010-07-02,5.690000,5.690000,5.690000,5.690000,2.773113,700
2010-07-06,5.690000,5.690000,5.690000,5.690000,2.773113,0
2010-07-07,5.720000,5.720000,5.720000,5.720000,2.787734,100
2010-07-08,5.770000,5.770000,5.770000,5.770000,2.812102,100
2010-07-09,5.770000,5.770000,5.770000,5.770000,2.812102,0
2010-07-12,5.840000,5.890000,5.840000,5.890000,2.870586,2800
2010-07-13,5.880000,5.880000,5.600000,5.800000,2.826724,5100
2010-07-14,5.800000,5.800000,5.800000,5.800000,2.826724,300
2010-07-15,5.870000,5.880000,5.870000,5.880000,2.865713,7700
2010-07-16,5.730000,5.730000,5.720000,5.720000,2.787734,200
2010-07-19,5.720000,5.720000,5.720000,5.720000,2.787734,100
2010-07-20,5.750000,5.750000,5.720000,5.720000,2.787734,1000
2010-07-21,5.820000,5.920000,5.800000,5.800000,2.826724,4200
2010-07-22,5.910000,5.920000,5.910000,5.920000,2.885207,2400
2010-07-23,5.770000,5.920000,5.770000,5.920000,2.885207,4600
2010-07-26,5.900000,5.900000,5.900000,5.900000,2.875460,1500
2010-07-27,5.900000,5.900000,5.900000,5.900000,2.875460,0
2010-07-28,5.900000,5.900000,5.720000,5.750000,2.802355,2200
2010-07-29,5.770000,5.780000,5.720000,5.720000,2.787734,1600
2010-07-30,5.720000,5.720000,5.720000,5.720000,2.787734,0
2010-08-02,5.870000,5.870000,5.870000,5.870000,2.860839,300
2010-08-03,5.760000,5.850000,5.760000,5.840000,2.846218,2600
2010-08-04,5.840000,5.840000,5.840000,5.840000,2.846218,500
2010-08-05,5.780000,5.780000,5.780000,5.780000,2.816976,700
2010-08-06,5.810000,5.810000,5.810000,5.810000,2.831597,200
2010-08-09,5.910000,6.070000,5.910000,5.940000,2.894955,3100
2010-08-10,6.140000,6.180000,5.980000,6.100000,2.972933,1800
2010-08-11,5.910000,6.350000,5.880000,6.290000,3.065533,10200
2010-08-12,6.290000,6.290000,6.290000,6.290000,3.065533,0
2010-08-13,6.140000,6.150000,6.000000,6.090000,2.968060,2500
2010-08-16,6.070000,6.070000,6.070000,6.070000,2.958313,200
2010-08-17,6.150000,6.170000,6.130000,6.170000,3.007049,500
2010-08-18,6.090000,6.090000,5.780000,6.080000,2.963186,14400
2010-08-19,6.110000,6.110000,6.060000,6.060000,2.953439,700
2010-08-20,5.900000,6.510000,5.900000,6.190000,3.016796,8400
2010-08-23,6.090000,6.090000,6.090000,6.090000,2.968060,100
2010-08-24,5.800000,5.960000,5.800000,5.960000,2.904702,3100
2010-08-25,5.960000,5.960000,5.960000,5.960000,2.904702,0
2010-08-26,5.980000,5.980000,5.980000,5.980000,2.914449,500
2010-08-27,5.980000,6.070000,5.980000,6.070000,2.958313,800
2010-08-30,6.070000,6.070000,6.070000,6.070000,2.958313,0
2010-08-31,6.070000,6.070000,6.070000,6.070000,2.958313,0
2010-09-01,6.130000,6.130000,6.130000,6.130000,2.987554,200
2010-09-02,6.160000,6.160000,6.150000,6.160000,3.002175,4600
2010-09-03,6.110000,6.160000,6.010000,6.110000,2.977807,2600
2010-09-07,6.110000,6.110000,6.100000,6.100000,2.972933,2500
2010-09-08,6.100000,6.100000,5.970000,5.970000,2.909575,900
2010-09-09,6.120000,6.290000,6.120000,6.210000,3.026543,1200
2010-09-10,6.210000,6.210000,6.210000,6.210000,3.026543,0
2010-09-13,6.160000,6.160000,6.030000,6.110000,2.977807,1700
2010-09-14,6.050000,6.050000,6.050000,6.050000,2.948565,300
2010-09-15,6.050000,6.050000,6.050000,6.050000,2.948565,0
2010-09-16,6.090000,6.160000,6.090000,6.140000,2.992428,1500
2010-09-17,6.110000,6.110000,6.110000,6.110000,2.977807,200
2010-09-20,6.210000,6.390000,6.210000,6.290000,3.065533,1400
2010-09-21,6.290000,6.290000,6.290000,6.290000,3.065533,0
2010-09-22,6.250000,6.250000,5.980000,5.980000,2.914449,9000
2010-09-23,5.950000,5.990000,5.940000,5.990000,2.919322,1300
2010-09-24,6.000000,6.000000,6.000000,6.000000,2.924196,1000
2010-09-27,6.060000,6.100000,6.000000,6.000000,2.924196,2800
2010-09-28,6.000000,6.040000,6.000000,6.040000,2.943691,1200
2010-09-29,6.080000,6.080000,6.080000,6.080000,2.963186,2600
2010-09-30,6.020000,6.020000,6.020000,6.020000,2.933944,700
2010-10-01,6.000000,6.030000,6.000000,6.000000,2.924196,3700
2010-10-04,6.010000,6.060000,6.010000,6.020000,2.933944,2400
2010-10-05,6.180000,6.180000,6.180000,6.180000,3.011923,200
2010-10-06,6.180000,6.180000,6.180000,6.180000,3.011923,0
2010-10-07,6.200000,6.210000,6.170000,6.190000,3.016796,2100
2010-10-08,6.260000,6.260000,6.250000,6.250000,3.046039,1000
2010-10-11,6.260000,6.260000,5.930000,6.120000,2.982681,5800
2010-10-12,6.100000,6.120000,6.100000,6.120000,2.982681,1000
2010-10-13,6.220000,6.220000,6.150000,6.150000,2.997302,4300
2010-10-14,6.160000,6.200000,6.160000,6.200000,3.021670,3000
2010-10-15,6.270000,6.430000,6.250000,6.250000,3.046039,1200
2010-10-18,6.250000,6.390000,6.250000,6.330000,3.085027,2600
2010-10-19,6.280000,6.280000,6.250000,6.250000,3.046039,2100
2010-10-20,6.370000,6.380000,6.370000,6.380000,3.109396,1000
2010-10-21,6.200000,6.420000,6.200000,6.420000,3.128890,1600
2010-10-22,6.350000,6.480000,6.160000,6.160000,3.002175,3200
2010-10-25,6.300000,6.480000,6.290000,6.480000,3.158132,1500
2010-10-26,6.340000,6.560000,6.340000,6.390000,3.114270,4300
2010-10-27,6.390000,6.390000,6.390000,6.390000,3.114270,0
2010-10-28,6.320000,6.330000,5.840000,6.260000,3.050912,6700
2010-10-29,6.320000,6.330000,6.320000,6.330000,3.085027,900
2010-11-01,6.400000,6.410000,6.360000,6.360000,3.099649,3200
2010-11-02,6.410000,6.410000,6.350000,6.350000,3.094774,1800
2010-11-03,6.410000,6.410000,6.410000,6.410000,3.124017,800
2010-11-04,6.420000,6.420000,6.420000,6.420000,3.128890,100
2010-11-05,6.420000,6.420000,6.420000,6.420000,3.128890,0
2010-11-08,6.500000,6.550000,6.500000,6.550000,3.192248,900
2010-11-09,6.590000,6.680000,6.580000,6.580000,3.206869,7300
2010-11-10,6.590000,6.590000,6.590000,6.590000,3.211743,200
2010-11-11,6.590000,6.590000,6.590000,6.590000,3.211743,700
2010-11-12,6.600000,6.600000,6.590000,6.590000,3.211743,1400
2010-11-15,6.460000,6.510000,6.460000,6.480000,3.158132,400
2010-11-16,6.480000,6.480000,6.410000,6.410000,3.124017,1500
2010-11-17,6.430000,6.430000,6.430000,6.430000,3.133764,1900
2010-11-18,6.520000,6.520000,6.480000,6.480000,3.158132,600
2010-11-19,6.480000,6.480000,6.480000,6.480000,3.158132,0
2010-11-22,6.430000,6.430000,6.230000,6.350000,3.094774,6000
2010-11-23,6.300000,6.300000,6.270000,6.270000,3.055786,900
2010-11-24,6.320000,6.340000,5.610000,6.340000,3.089901,19700
2010-11-26,6.340000,6.340000,6.340000,6.340000,3.089901,0
2010-11-29,6.250000,6.300000,6.250000,6.300000,3.070406,1400
2010-11-30,6.240000,6.240000,6.150000,6.150000,2.997302,700
2010-12-01,6.300000,6.350000,6.300000,6.350000,3.094774,7900
2010-12-02,6.450000,6.500000,6.350000,6.390000,3.114270,11200
2010-12-03,6.410000,6.520000,6.400000,6.520000,3.177627,2700
2010-12-06,6.480000,6.500000,6.300000,6.400000,3.119143,6100
2010-12-07,6.460000,6.460000,6.450000,6.460000,3.148385,1000
2010-12-08,6.490000,6.500000,6.490000,6.500000,3.167879,1600
2010-12-09,6.360000,6.600000,6.070000,6.510000,3.172754,3900
2010-12-10,6.400000,6.830000,6.400000,6.640000,3.236110,5500
2010-12-13,6.470000,6.510000,6.470000,6.510000,3.172754,1000
2010-12-14,6.650000,6.660000,6.280000,6.350000,3.094774,3500
2010-12-15,6.150000,6.260000,6.150000,6.260000,3.191646,900
2010-12-16,6.350000,6.410000,6.350000,6.360000,3.242631,7600
2010-12-17,6.450000,6.450000,6.360000,6.390000,3.257926,2900
2010-12-20,6.430000,6.490000,6.430000,6.490000,3.308911,1500
2010-12-21,6.490000,6.670000,6.490000,6.550000,3.339502,2300
2010-12-22,6.600000,6.600000,6.500000,6.540000,3.334404,4900
2010-12-23,6.630000,6.640000,6.600000,6.610000,3.370092,2100
2010-12-27,6.520000,6.550000,6.500000,6.500000,3.314009,11100
2010-12-28,6.360000,6.500000,6.360000,6.450000,3.288517,2600
2010-12-29,6.930000,7.000000,6.700000,6.780000,3.456767,78500
2010-12-30,6.770000,6.770000,6.700000,6.710000,3.421078,4500
2010-12-31,6.620000,6.620000,6.490000,6.620000,3.375190,1000
2011-01-03,6.700000,6.720000,6.700000,6.720000,3.426176,5100
2011-01-04,7.490000,7.490000,6.730000,6.890000,3.512850,10400
2011-01-05,6.900000,6.900000,6.650000,6.750000,3.441471,1800
2011-01-06,6.750000,6.800000,6.750000,6.800000,3.466964,2900
2011-01-07,6.800000,6.890000,6.750000,6.750000,3.441471,8800
2011-01-10,6.750000,6.750000,6.750000,6.750000,3.441471,1900
2011-01-11,6.800000,6.800000,6.800000,6.800000,3.466964,700
2011-01-12,6.800000,6.800000,6.800000,6.800000,3.466964,0
2011-01-13,6.800000,6.810000,6.800000,6.800000,3.466964,1000
2011-01-14,6.750000,6.790000,6.750000,6.750000,3.441471,2000
2011-01-18,6.810000,6.810000,6.660000,6.660000,3.395585,2800
2011-01-19,6.610000,6.610000,6.480000,6.550000,3.339502,7800
2011-01-20,6.520000,6.570000,6.520000,6.570000,3.349699,1000
2011-01-21,6.600000,6.700000,6.600000,6.600000,3.364994,1600
2011-01-24,6.700000,6.700000,6.650000,6.650000,3.390486,3300
2011-01-25,6.630000,6.630000,6.500000,6.610000,3.370092,7700
2011-01-26,6.600000,6.810000,6.570000,6.760000,3.446570,8000
2011-01-27,6.770000,6.810000,6.760000,6.760000,3.446570,20300
2011-01-28,6.890000,6.890000,6.790000,6.790000,3.461865,1700
2011-01-31,6.740000,6.740000,6.640000,6.740000,3.436373,2300
2011-02-01,6.820000,6.880000,6.750000,6.750000,3.441471,1500
2011-02-02,6.790000,6.890000,6.760000,6.890000,3.512850,10300
2011-02-03,6.910000,6.910000,6.910000,6.910000,3.523046,700
2011-02-04,6.760000,6.830000,6.760000,6.820000,3.477161,7200
2011-02-07,6.890000,6.890000,6.890000,6.890000,3.512850,300
2011-02-08,6.890000,6.930000,6.890000,6.920000,3.528145,2700
2011-02-09,6.870000,6.870000,6.840000,6.840000,3.487357,3800
2011-02-10,6.840000,6.840000,6.840000,6.840000,3.487357,0
2011-02-11,6.840000,6.880000,6.550000,6.820000,3.477161,12700
2011-02-14,6.840000,6.840000,6.820000,6.820000,3.477161,300
2011-02-15,6.810000,7.360000,6.810000,6.900000,3.517949,7100
2011-02-16,6.900000,6.930000,6.900000,6.930000,3.533244,2500
2011-02-17,6.910000,6.950000,6.900000,6.910000,3.523046,6200
2011-02-18,6.900000,6.960000,6.900000,6.960000,3.548539,700
2011-02-22,7.000000,7.000000,6.950000,6.950000,3.543441,400
2011-02-23,6.950000,6.950000,6.950000,6.950000,3.543441,0
2011-02-24,6.860000,6.860000,6.860000,6.860000,3.497554,400
2011-02-25,6.920000,6.920000,6.730000,6.900000,3.517949,1500
2011-02-28,6.850000,6.870000,6.850000,6.870000,3.502653,300
2011-03-01,6.880000,6.880000,6.880000,6.880000,3.507752,1700
2011-03-02,6.880000,6.880000,6.880000,6.880000,3.507752,0
2011-03-03,6.930000,6.940000,6.750000,6.920000,3.528145,4600
2011-03-04,6.910000,6.910000,6.830000,6.830000,3.482259,1000
2011-03-07,6.760000,6.890000,6.760000,6.890000,3.512850,2000
2011-03-08,6.910000,6.950000,6.910000,6.950000,3.543441,900
2011-03-09,6.950000,7.130000,6.880000,7.060000,3.599524,5200
2011-03-10,6.870000,6.870000,6.860000,6.860000,3.497554,300
2011-03-11,6.940000,6.970000,6.940000,6.970000,3.553638,500
2011-03-14,6.960000,6.960000,6.940000,6.940000,3.538342,2400
2011-03-15,6.880000,6.880000,6.880000,6.880000,3.507752,500
2011-03-16,6.810000,6.810000,6.800000,6.800000,3.466964,500
2011-03-17,6.800000,6.800000,6.800000,6.800000,3.466964,0
2011-03-18,6.940000,7.300000,6.940000,7.120000,3.630115,9700
2011-03-21,7.150000,7.300000,7.000000,7.260000,3.701493,11100
2011-03-22,7.160000,7.160000,7.160000,7.160000,3.650508,200
2011-03-23,7.020000,7.050000,6.900000,7.050000,3.594425,700
2011-03-24,6.930000,6.930000,6.930000,6.930000,3.533244,1000
2011-03-25,6.930000,6.950000,6.770000,6.850000,3.492456,10700
2011-03-28,6.900000,6.910000,6.900000,6.910000,3.523046,1700
2011-03-29,6.970000,7.000000,6.960000,6.960000,3.548539,1000
2011-03-30,6.960000,6.960000,6.960000,6.960000,3.548539,0
2011-03-31,6.960000,7.020000,6.960000,6.960000,3.548539,1100
2011-04-01,7.010000,7.010000,6.810000,7.010000,3.574032,2800
2011-04-04,6.920000,7.080000,6.920000,7.060000,3.599524,3600
2011-04-05,7.070000,7.090000,7.070000,7.070000,3.604622,3200
2011-04-06,7.100000,7.240000,7.100000,7.130000,3.635213,2900
2011-04-07,7.100000,7.110000,7.100000,7.110000,3.625016,1600
2011-04-08,7.180000,7.180000,6.910000,7.040000,3.589327,1800
2011-04-11,7.080000,7.080000,7.080000,7.080000,3.609721,2900
2011-04-12,6.980000,7.000000,6.900000,6.900000,3.517949,5400
2011-04-13,6.960000,7.000000,6.960000,7.000000,3.568933,700
2011-04-14,6.960000,6.980000,6.870000,6.920000,3.528145,4900
2011-04-15,6.990000,7.070000,6.910000,6.910000,3.523046,3700
2011-04-18,6.900000,6.900000,6.900000,6.900000,3.517949,500
2011-04-19,6.960000,6.970000,6.960000,6.960000,3.548539,500
2011-04-20,7.010000,7.010000,7.010000,7.010000,3.574032,200
2011-04-21,7.050000,7.080000,7.030000,7.030000,3.584229,600
2011-04-25,6.870000,7.020000,6.870000,7.020000,3.579130,1300
2011-04-26,7.080000,7.080000,7.080000,7.080000,3.609721,600
2011-04-27,7.050000,7.050000,7.050000,7.050000,3.594425,100
2011-04-28,7.000000,7.050000,7.000000,7.040000,3.589327,900
2011-04-29,7.090000,7.090000,7.000000,7.010000,3.574032,2700
2011-05-02,7.090000,7.190000,7.090000,7.140000,3.640312,11000
2011-05-03,7.110000,7.110000,7.070000,7.070000,3.604622,900
2011-05-04,7.020000,7.020000,6.920000,6.920000,3.528145,6400
2011-05-05,6.880000,7.130000,6.860000,6.990000,3.563835,8200
2011-05-06,7.100000,7.250000,7.080000,7.210000,3.676001,9400
2011-05-09,7.170000,7.510000,7.110000,7.160000,3.650508,11000
2011-05-10,7.200000,7.210000,7.160000,7.180000,3.660705,3800
2011-05-11,7.180000,7.180000,7.180000,7.180000,3.660705,1000
2011-05-12,7.180000,7.180000,7.180000,7.180000,3.660705,0
2011-05-13,7.200000,7.200000,7.120000,7.170000,3.655607,1100
2011-05-16,7.140000,7.210000,7.140000,7.160000,3.650508,1400
2011-05-17,7.210000,7.210000,7.100000,7.100000,3.619918,700
2011-05-18,7.100000,7.100000,7.100000,7.100000,3.619918,0
2011-05-19,7.200000,7.210000,7.140000,7.160000,3.650508,700
2011-05-20,7.070000,7.140000,7.000000,7.080000,3.609721,4700
2011-05-23,7.040000,7.260000,7.040000,7.200000,3.670903,12100
2011-05-24,7.150000,7.250000,7.150000,7.250000,3.696395,600
2011-05-25,7.260000,7.260000,7.120000,7.250000,3.696395,1700
2011-05-26,7.300000,7.300000,7.300000,7.300000,3.721887,500
2011-05-27,7.400000,7.450000,7.150000,7.300000,3.721887,1400
2011-05-31,7.300000,7.300000,7.300000,7.300000,3.721887,0
2011-06-01,7.350000,7.350000,7.350000,7.350000,3.747379,600
2011-06-02,7.350000,7.350000,7.350000,7.350000,3.747379,500
2011-06-03,7.350000,7.350000,7.350000,7.350000,3.747379,100
2011-06-06,7.350000,7.440000,7.340000,7.440000,3.793266,6000
2011-06-07,7.440000,7.440000,7.260000,7.260000,3.701493,800
2011-06-08,7.440000,7.440000,7.350000,7.350000,3.747379,700
2011-06-09,7.350000,7.390000,7.200000,7.350000,3.747379,1600
2011-06-10,7.350000,7.350000,7.350000,7.350000,3.747379,0
2011-06-13,7.350000,7.350000,7.350000,7.350000,3.747379,0
2011-06-14,7.400000,7.440000,7.400000,7.440000,3.793266,1200
2011-06-15,7.300000,7.300000,7.300000,7.300000,3.721887,200
2011-06-16,7.270000,7.270000,6.910000,7.000000,3.568933,3700
2011-06-17,6.980000,7.100000,6.660000,6.780000,3.456767,26400
2011-06-20,6.830000,7.190000,6.830000,7.190000,3.665804,5400
2011-06-21,7.190000,7.190000,7.190000,7.190000,3.665804,0
2011-06-22,7.180000,7.180000,7.170000,7.170000,3.655607,1500
2011-06-23,7.140000,7.140000,7.140000,7.140000,3.640312,100
2011-06-24,7.140000,7.140000,7.140000,7.140000,3.640312,0
2011-06-27,7.140000,7.140000,7.140000,7.140000,3.640312,0
2011-06-28,7.090000,7.150000,7.010000,7.010000,3.574032,4500
2011-06-29,7.160000,7.160000,7.130000,7.130000,3.635213,800
2011-06-30,7.000000,7.150000,7.000000,7.090000,3.614819,2000
2011-07-01,7.080000,7.160000,7.070000,7.140000,3.640312,1700
2011-07-05,7.140000,7.140000,7.140000,7.140000,3.640312,300
2011-07-06,7.160000,7.160000,7.160000,7.160000,3.650508,300
2011-07-07,7.180000,7.440000,7.120000,7.280000,3.711690,34100
2011-07-08,7.150000,7.160000,7.030000,7.160000,3.650508,10400
2011-07-11,7.070000,7.100000,7.000000,7.020000,3.579130,4800
2011-07-12,7.040000,7.040000,7.000000,7.000000,3.568933,3500
2011-07-13,7.150000,7.160000,7.150000,7.160000,3.650508,1900
2011-07-14,7.150000,7.170000,7.150000,7.150000,3.645410,1300
2011-07-15,7.150000,7.170000,7.150000,7.170000,3.655607,600
2011-07-18,7.170000,7.170000,7.170000,7.170000,3.655607,0
2011-07-19,7.170000,7.170000,7.170000,7.170000,3.655607,0
2011-07-20,7.250000,7.300000,7.040000,7.040000,3.589327,1700
2011-07-21,7.240000,7.240000,7.070000,7.080000,3.609721,3600
2011-07-22,7.080000,7.080000,7.080000,7.080000,3.609721,0
2011-07-25,7.130000,7.160000,7.130000,7.150000,3.645410,800
2011-07-26,7.100000,7.130000,7.100000,7.120000,3.630115,1600
2011-07-27,7.090000,7.090000,7.090000,7.090000,3.614819,1900
2011-07-28,7.090000,7.090000,7.050000,7.050000,3.594425,1300
2011-07-29,7.000000,7.140000,6.700000,6.750000,3.441471,11200
2011-08-01,6.880000,7.080000,6.880000,7.000000,3.568933,4000
2011-08-02,7.000000,7.000000,7.000000,7.000000,3.568933,0
2011-08-03,6.860000,6.860000,6.800000,6.800000,3.466964,400
2011-08-04,6.810000,6.810000,6.770000,6.770000,3.451668,200
2011-08-05,6.770000,6.770000,6.770000,6.770000,3.451668,0
2011-08-08,6.340000,6.340000,5.480000,5.700000,2.906131,5300
2011-08-09,5.610000,5.790000,5.300000,5.790000,2.952017,2400
2011-08-10,5.940000,6.410000,5.850000,5.850000,2.982608,5300
2011-08-11,6.000000,6.010000,6.000000,6.000000,3.059086,5800
2011-08-12,6.000000,6.000000,6.000000,6.000000,3.059086,0
2011-08-15,6.000000,6.000000,6.000000,6.000000,3.059086,0
2011-08-16,6.150000,6.400000,6.150000,6.400000,3.263024,1600
2011-08-17,6.400000,6.400000,6.400000,6.400000,3.263024,0
2011-08-18,6.600000,6.700000,6.120000,6.320000,3.222237,700
2011-08-19,6.370000,6.640000,6.370000,6.540000,3.334404,1700
2011-08-22,6.540000,6.540000,6.540000,6.540000,3.334404,0
2011-08-23,6.920000,6.990000,6.800000,6.830000,3.482259,6600
2011-08-24,6.890000,6.890000,6.890000,6.890000,3.512850,100
2011-08-25,6.880000,6.880000,6.880000,6.880000,3.507752,300
2011-08-26,6.880000,6.880000,6.880000,6.880000,3.507752,0
2011-08-29,6.960000,6.960000,6.880000,6.930000,3.533244,1100
2011-08-30,6.930000,6.930000,6.930000,6.930000,3.533244,0
2011-08-31,6.750000,6.750000,6.700000,6.710000,3.421078,1600
2011-09-01,6.710000,6.710000,6.710000,6.710000,3.421078,0
2011-09-02,6.700000,6.700000,6.700000,6.700000,3.415979,300
2011-09-06,6.700000,6.700000,6.700000,6.700000,3.415979,0
2011-09-07,6.720000,6.740000,6.420000,6.640000,3.385388,2800
2011-09-08,6.790000,6.790000,6.600000,6.620000,3.375190,500
2011-09-09,6.620000,6.620000,6.620000,6.620000,3.375190,0
2011-09-12,6.560000,6.600000,6.560000,6.600000,3.364994,800
2011-09-13,6.550000,6.550000,6.550000,6.550000,3.339502,500
2011-09-14,6.550000,6.550000,6.550000,6.550000,3.339502,500
2011-09-15,6.550000,6.550000,6.550000,6.550000,3.339502,0
2011-09-16,6.550000,6.550000,6.550000,6.550000,3.339502,0
2011-09-19,6.550000,6.550000,6.550000,6.550000,3.339502,0
2011-09-20,6.520000,6.570000,6.520000,6.570000,3.349699,500
2011-09-21,6.570000,6.570000,6.570000,6.570000,3.349699,0
2011-09-22,6.490000,6.490000,6.330000,6.330000,3.227335,1900
2011-09-23,6.250000,6.250000,6.250000,6.250000,3.186548,1300
2011-09-26,6.300000,6.300000,6.250000,6.250000,3.186548,600
2011-09-27,6.250000,6.250000,6.250000,6.250000,3.186548,0
2011-09-28,6.350000,6.370000,6.350000,6.360000,3.242631,1000
2011-09-29,6.360000,6.360000,6.360000,6.360000,3.242631,0
2011-09-30,6.360000,6.360000,6.360000,6.360000,3.242631,0
2011-10-03,6.360000,6.360000,6.360000,6.360000,3.242631,0
2011-10-04,6.330000,6.330000,6.330000,6.330000,3.227335,600
2011-10-05,6.290000,6.290000,6.090000,6.260000,3.191646,2500
2011-10-06,6.260000,6.260000,6.260000,6.260000,3.191646,0
2011-10-07,6.460000,6.590000,6.370000,6.500000,3.314009,1100
2011-10-10,6.550000,6.570000,6.550000,6.570000,3.349699,800
2011-10-11,6.360000,6.440000,6.200000,6.440000,3.283419,2100
2011-10-12,6.440000,6.440000,6.440000,6.440000,3.283419,0
2011-10-13,6.450000,6.450000,6.200000,6.200000,3.161055,1200
2011-10-14,6.200000,6.520000,6.200000,6.410000,3.268123,2200
2011-10-17,6.530000,6.530000,6.510000,6.510000,3.319108,700
2011-10-18,6.790000,6.800000,6.790000,6.800000,3.466964,1000
2011-10-19,6.770000,6.800000,6.650000,6.650000,3.390486,500
2011-10-20,6.750000,6.900000,6.140000,6.750000,3.441471,12700
2011-10-21,6.750000,6.750000,6.750000,6.750000,3.441471,0
2011-10-24,6.900000,6.900000,6.900000,6.900000,3.517949,500
2011-10-25,6.760000,6.800000,6.700000,6.800000,3.466964,5300
2011-10-26,6.910000,6.950000,6.910000,6.950000,3.543441,1600
2011-10-27,6.960000,7.250000,6.950000,7.250000,3.696395,4500
2011-10-28,7.250000,7.250000,7.250000,7.250000,3.696395,0
2011-10-31,6.930000,7.060000,6.770000,6.950000,3.543441,2400
2011-11-01,6.710000,6.770000,6.710000,6.770000,3.451668,1100
2011-11-02,6.770000,6.770000,6.770000,6.770000,3.451668,0
2011-11-03,6.960000,7.000000,6.900000,6.900000,3.517949,1400
2011-11-04,6.900000,6.900000,6.900000,6.900000,3.517949,0
2011-11-07,6.900000,6.900000,6.900000,6.900000,3.517949,0
2011-11-08,7.010000,7.190000,7.010000,7.190000,3.665804,900
2011-11-09,7.010000,7.010000,6.780000,6.950000,3.543441,1000
2011-11-10,6.950000,6.950000,6.950000,6.950000,3.543441,0
2011-11-11,7.030000,7.030000,7.030000,7.030000,3.584229,200
2011-11-14,7.030000,7.030000,7.030000,7.030000,3.584229,0
2011-11-15,6.940000,6.980000,6.940000,6.960000,3.548539,1100
2011-11-16,6.900000,6.900000,6.770000,6.900000,3.517949,2100
2011-11-17,6.710000,6.780000,6.680000,6.780000,3.456767,5700
2011-11-18,6.770000,6.800000,6.770000,6.800000,3.466964,200
2011-11-21,6.800000,6.800000,6.800000,6.800000,3.466964,0
2011-11-22,7.000000,7.000000,7.000000,7.000000,3.568933,700
2011-11-23,6.710000,6.710000,6.710000,6.710000,3.421078,200
2011-11-25,6.880000,6.880000,6.650000,6.650000,3.390486,1700
2011-11-28,6.650000,6.650000,6.650000,6.650000,3.390486,0
2011-11-29,6.810000,6.900000,6.810000,6.900000,3.517949,1100
2011-11-30,6.900000,6.900000,6.900000,6.900000,3.517949,0
2011-12-01,6.900000,6.900000,6.900000,6.900000,3.517949,0
2011-12-02,7.090000,7.200000,7.060000,7.090000,3.614819,8100
2011-12-05,7.060000,7.060000,7.060000,7.060000,3.599524,2300
2011-12-06,7.310000,7.700000,7.160000,7.650000,3.900334,40600
2011-12-07,7.620000,7.620000,7.480000,7.600000,3.874842,10900
2011-12-08,7.760000,7.760000,7.420000,7.420000,3.783069,12400
2011-12-09,7.420000,7.590000,7.420000,7.550000,3.849349,6500
2011-12-12,7.770000,7.900000,7.320000,7.810000,3.981909,17300
2011-12-13,7.790000,8.030000,7.500000,7.500000,3.823857,31000
2011-12-14,6.620000,6.850000,6.400000,6.400000,3.794215,4200
2011-12-15,6.500000,6.500000,6.500000,6.500000,3.853499,200
2011-12-16,6.250000,6.400000,5.610000,6.130000,3.634146,31400
2011-12-19,5.910000,5.990000,5.910000,5.940000,3.521506,4700
2011-12-20,5.850000,6.000000,5.850000,5.930000,3.515577,7700
2011-12-21,6.110000,6.410000,6.030000,6.330000,3.752715,6200
2011-12-22,6.450000,6.450000,6.060000,6.180000,3.663788,700
2011-12-23,6.090000,6.300000,6.090000,6.290000,3.729002,2600
2011-12-27,6.250000,7.150000,6.250000,7.070000,4.191422,60000
2011-12-28,6.890000,7.200000,6.810000,7.110000,4.215135,56200
2011-12-29,7.180000,7.240000,6.800000,7.050000,4.179564,7200
2011-12-30,6.840000,7.020000,6.800000,7.000000,4.149921,9200
2012-01-03,7.400000,7.950000,7.220000,7.310000,4.333704,25000
2012-01-04,7.390000,7.790000,7.100000,7.310000,4.333704,37700
2012-01-05,7.400000,7.720000,7.130000,7.570000,4.487844,97600
2012-01-06,7.500000,7.500000,7.030000,7.200000,4.268491,23400
2012-01-09,7.140000,7.140000,6.560000,6.820000,4.043211,13900
2012-01-10,6.920000,6.920000,6.530000,6.630000,3.930569,9400
2012-01-11,6.520000,6.540000,6.520000,6.520000,3.865356,18500
2012-01-12,6.500000,6.510000,6.260000,6.340000,3.758644,6400
2012-01-13,6.480000,6.480000,5.720000,6.100000,3.616361,176900
2012-01-17,6.220000,6.280000,6.190000,6.190000,3.669717,21900
2012-01-18,6.120000,6.550000,6.120000,6.290000,3.729002,15800
2012-01-19,6.300000,7.210000,6.300000,7.000000,4.149921,95300
2012-01-20,6.950000,7.050000,6.660000,6.950000,4.120279,13700
2012-01-23,7.000000,7.000000,6.860000,6.990000,4.143993,7600
2012-01-24,6.740000,7.100000,6.740000,7.100000,4.209207,3600
2012-01-25,7.190000,7.200000,7.020000,7.200000,4.268491,8300
2012-01-26,7.210000,7.210000,6.700000,6.910000,4.096566,2700
2012-01-27,6.910000,6.910000,6.910000,6.910000,4.096566,0
2012-01-30,6.800000,6.940000,6.800000,6.940000,4.114352,1500
2012-01-31,6.760000,6.820000,6.750000,6.800000,4.031353,1600
2012-02-01,6.860000,6.970000,6.820000,6.910000,4.096566,2100
2012-02-02,6.900000,6.900000,6.730000,6.730000,3.989853,1700
2012-02-03,6.950000,6.950000,6.950000,6.950000,4.120279,100
2012-02-06,6.980000,7.010000,6.850000,6.850000,4.060995,1200
2012-02-07,6.860000,6.990000,6.720000,6.760000,4.007639,5500
2012-02-08,6.720000,7.350000,6.700000,6.910000,4.096566,12400
2012-02-09,7.010000,7.040000,6.960000,6.960000,4.126208,500
2012-02-10,7.150000,7.150000,6.760000,6.860000,4.066924,3700
2012-02-13,7.080000,7.080000,7.010000,7.010000,4.155850,2000
2012-02-14,7.010000,7.250000,7.010000,7.050000,4.179564,1200
2012-02-15,7.060000,7.080000,6.940000,7.080000,4.197350,500
2012-02-16,7.350000,7.350000,7.070000,7.070000,4.191422,2300
2012-02-17,7.100000,7.100000,7.100000,7.100000,4.209207,100
2012-02-21,6.960000,6.960000,6.960000,6.960000,4.126208,2200
2012-02-22,6.960000,6.970000,6.960000,6.960000,4.126208,3000
2012-02-23,7.070000,7.070000,7.070000,7.070000,4.191422,300
2012-02-24,6.900000,6.900000,6.670000,6.670000,3.954283,14400
2012-02-27,6.670000,6.770000,6.670000,6.770000,4.013567,3200
2012-02-28,6.780000,6.780000,6.240000,6.320000,3.746787,137800
2012-02-29,6.400000,6.490000,6.350000,6.390000,3.788286,24100
2012-03-01,6.410000,6.530000,6.410000,6.500000,3.853499,19100
2012-03-02,6.500000,6.500000,6.500000,6.500000,3.853499,0
2012-03-05,6.450000,6.500000,6.410000,6.490000,3.847570,4200
2012-03-06,6.450000,6.470000,6.380000,6.460000,3.829785,1700
2012-03-07,6.530000,6.530000,6.460000,6.490000,3.847570,6800
2012-03-08,6.530000,6.600000,6.530000,6.590000,3.906856,6000
2012-03-09,6.600000,6.600000,6.570000,6.570000,3.894999,4500
2012-03-12,6.580000,6.580000,6.580000,6.580000,3.900927,2200
2012-03-13,6.610000,6.640000,6.600000,6.630000,3.930569,12300
2012-03-14,6.630000,6.640000,6.590000,6.590000,3.906856,7600
2012-03-15,6.660000,6.710000,6.660000,6.710000,3.977997,10200
2012-03-16,6.690000,6.690000,6.690000,6.690000,3.966140,0
2012-03-19,6.720000,6.720000,6.720000,6.720000,3.983926,400
2012-03-20,6.610000,6.690000,6.580000,6.630000,3.930569,12100
2012-03-21,6.690000,6.690000,6.650000,6.650000,3.942426,2400
2012-03-22,6.650000,6.650000,6.650000,6.650000,3.942426,0
2012-03-23,6.680000,6.700000,6.610000,6.610000,3.918712,5700
2012-03-26,6.690000,6.690000,6.660000,6.660000,3.948354,4400
2012-03-27,6.700000,6.700000,6.680000,6.700000,3.972068,1600
2012-03-28,6.690000,6.690000,6.690000,6.690000,3.966140,1000
2012-03-29,6.630000,6.650000,6.610000,6.640000,3.936497,6000
2012-03-30,6.630000,6.760000,6.630000,6.760000,4.007639,13200
2012-04-02,6.760000,6.780000,6.580000,6.720000,3.983926,4500
2012-04-03,6.780000,7.000000,6.780000,6.850000,4.060995,17300
2012-04-04,6.880000,6.990000,6.750000,6.840000,4.055067,16400
2012-04-05,6.890000,6.890000,6.850000,6.880000,4.078781,2100
2012-04-09,6.800000,6.800000,6.790000,6.800000,4.031353,14300
2012-04-10,6.750000,6.790000,6.690000,6.740000,3.995782,3600
2012-04-11,6.720000,6.790000,6.720000,6.750000,4.001710,900
2012-04-12,6.780000,6.790000,6.770000,6.790000,4.025424,8600
2012-04-13,6.790000,6.790000,6.740000,6.750000,4.001710,6000
2012-04-16,6.670000,6.750000,6.670000,6.750000,4.001710,5400
2012-04-17,6.750000,6.810000,6.740000,6.810000,4.037282,3600
2012-04-18,6.780000,6.990000,6.660000,6.800000,4.031353,17400
2012-04-19,6.700000,6.720000,6.650000,6.680000,3.960211,2600
2012-04-20,6.760000,6.760000,6.700000,6.700000,3.972068,600
2012-04-23,6.680000,6.710000,6.560000,6.630000,3.930569,7200
2012-04-24,6.700000,6.700000,6.700000,6.700000,3.972068,1100
2012-04-25,6.730000,6.800000,6.600000,6.750000,4.001710,3400
2012-04-26,6.770000,6.780000,6.700000,6.700000,3.972068,3000
2012-04-27,6.780000,6.780000,6.700000,6.720000,3.983926,2300
2012-04-30,6.680000,6.780000,6.680000,6.780000,4.019496,2200
2012-05-01,6.740000,6.740000,6.740000,6.740000,3.995782,500
2012-05-02,6.620000,6.620000,6.620000,6.620000,3.924640,4700
2012-05-03,6.680000,6.700000,6.680000,6.700000,3.972068,4600
2012-05-04,6.720000,6.720000,6.480000,6.550000,3.883142,6600
2012-05-07,6.590000,6.590000,6.590000,6.590000,3.906856,400
2012-05-08,6.630000,6.630000,6.510000,6.610000,3.918712,8900
2012-05-09,6.510000,6.620000,6.500000,6.620000,3.924640,7100
2012-05-10,6.620000,6.620000,6.580000,6.590000,3.906856,2400
2012-05-11,6.580000,6.580000,6.580000,6.580000,3.900927,100
2012-05-14,6.580000,6.600000,6.580000,6.600000,3.912783,6500
2012-05-15,6.480000,6.550000,6.480000,6.550000,3.883142,800
2012-05-16,6.500000,6.500000,6.400000,6.500000,3.853499,1500
2012-05-17,6.440000,6.500000,6.440000,6.500000,3.853499,11400
2012-05-18,6.560000,7.610000,6.560000,6.710000,3.977997,169900
2012-05-21,6.780000,6.910000,6.500000,6.520000,3.865356,10800
2012-05-22,6.540000,6.540000,6.050000,6.360000,3.770501,118000
2012-05-23,6.350000,6.350000,6.330000,6.330000,3.752715,700
2012-05-24,6.340000,6.380000,6.340000,6.380000,3.782358,13200
2012-05-25,6.370000,6.370000,6.370000,6.370000,3.776429,1300
2012-05-29,6.370000,6.370000,6.370000,6.370000,3.776429,0
2012-05-30,6.400000,6.420000,6.400000,6.420000,3.806071,3700
2012-05-31,6.350000,6.370000,6.350000,6.370000,3.776429,4200
2012-06-01,6.340000,6.350000,6.250000,6.250000,3.705288,2900
2012-06-04,6.250000,6.250000,6.250000,6.250000,3.705288,1800
2012-06-05,6.250000,6.250000,6.250000,6.250000,3.705288,100
2012-06-06,6.350000,6.430000,6.350000,6.410000,3.800143,5400
2012-06-07,6.450000,6.490000,6.280000,6.300000,3.734930,5900
2012-06-08,6.340000,6.340000,6.340000,6.340000,3.758644,4300
2012-06-11,6.360000,6.360000,6.250000,6.250000,3.705288,1400
2012-06-12,6.300000,6.500000,6.300000,6.500000,3.853499,1900
2012-06-13,6.450000,6.450000,6.250000,6.250000,3.705288,5300
2012-06-14,6.350000,6.360000,6.330000,6.360000,3.770501,1300
2012-06-15,6.390000,6.410000,6.370000,6.370000,3.776429,900
2012-06-18,6.310000,6.420000,6.310000,6.420000,3.806071,7100
2012-06-19,6.420000,6.420000,6.420000,6.420000,3.806071,0
2012-06-20,6.450000,6.450000,6.290000,6.340000,3.758644,7000
2012-06-21,6.290000,6.320000,6.290000,6.310000,3.740858,5800
2012-06-22,6.340000,6.400000,6.340000,6.350000,3.764572,3400
2012-06-25,6.350000,6.350000,6.150000,6.250000,3.705288,12300
2012-06-26,6.290000,6.300000,6.290000,6.300000,3.734930,2500
2012-06-27,6.360000,6.380000,6.360000,6.380000,3.782358,700
2012-06-28,6.230000,6.240000,6.220000,6.220000,3.687502,1800
2012-06-29,6.330000,6.440000,6.330000,6.400000,3.794215,1300
2012-07-02,6.390000,6.400000,6.330000,6.330000,3.752715,3300
2012-07-03,6.340000,6.500000,6.250000,6.500000,3.853499,11400
2012-07-05,6.520000,6.520000,6.520000,6.520000,3.865356,1300
2012-07-06,6.580000,6.580000,6.400000,6.480000,3.841642,6700
2012-07-09,6.480000,6.480000,6.480000,6.480000,3.841642,0
2012-07-10,6.440000,6.510000,6.440000,6.510000,3.859428,1200
2012-07-11,6.570000,6.600000,6.550000,6.550000,3.883142,2200
2012-07-12,6.550000,6.550000,6.550000,6.550000,3.883142,0
2012-07-13,6.550000,6.550000,6.550000,6.550000,3.883142,1800
2012-07-16,6.520000,6.590000,6.520000,6.530000,3.871284,3100
2012-07-17,6.530000,6.530000,6.510000,6.510000,3.859428,700
2012-07-18,6.520000,6.650000,6.520000,6.650000,3.942426,3200
2012-07-19,6.640000,6.640000,6.480000,6.560000,3.889070,9500
2012-07-20,6.570000,6.580000,6.570000,6.570000,3.894999,500
2012-07-23,6.520000,6.520000,6.520000,6.520000,3.865356,500
2012-07-24,6.450000,6.450000,6.450000,6.450000,3.823857,300
2012-07-25,6.450000,6.450000,6.450000,6.450000,3.823857,0
2012-07-26,6.450000,6.460000,6.440000,6.440000,3.817928,900
2012-07-27,6.460000,6.550000,6.460000,6.550000,3.883142,1100
2012-07-30,6.590000,6.590000,6.590000,6.590000,3.906856,1000
2012-07-31,6.590000,6.590000,6.590000,6.590000,3.906856,0
2012-08-01,6.560000,6.570000,6.450000,6.520000,3.865356,4300
2012-08-02,6.500000,6.500000,6.410000,6.410000,3.800143,5500
2012-08-03,6.520000,6.620000,6.520000,6.550000,3.883142,1600
2012-08-06,6.620000,6.650000,6.620000,6.650000,3.942426,4000
2012-08-07,6.670000,6.860000,6.660000,6.700000,3.972068,4700
2012-08-08,6.680000,6.680000,6.680000,6.680000,3.960211,300
2012-08-09,6.680000,6.680000,6.680000,6.680000,3.960211,0
2012-08-10,6.680000,6.680000,6.680000,6.680000,3.960211,0
2012-08-13,6.510000,6.510000,6.510000,6.510000,3.859428,300
2012-08-14,6.510000,6.510000,6.510000,6.510000,3.859428,0
2012-08-15,6.510000,6.510000,6.510000,6.510000,3.859428,0
2012-08-16,6.430000,6.430000,6.430000,6.430000,3.812000,300
2012-08-17,6.430000,6.430000,6.430000,6.430000,3.812000,0
2012-08-20,6.430000,6.430000,6.430000,6.430000,3.812000,0
2012-08-21,6.440000,6.530000,6.440000,6.500000,3.853499,25200
2012-08-22,6.440000,6.480000,6.440000,6.470000,3.835713,1700
2012-08-23,6.490000,6.490000,6.480000,6.480000,3.841642,2600
2012-08-24,6.510000,6.510000,6.510000,6.510000,3.859428,100
2012-08-27,6.510000,6.510000,6.510000,6.510000,3.859428,0
2012-08-28,6.630000,6.630000,6.630000,6.630000,3.930569,1000
2012-08-29,6.630000,6.630000,6.630000,6.630000,3.930569,500
2012-08-30,6.730000,6.730000,6.650000,6.650000,3.942426,200
2012-08-31,6.620000,6.740000,6.550000,6.740000,3.995782,2500
2012-09-04,6.740000,6.740000,6.520000,6.610000,3.918712,2000
2012-09-05,6.560000,6.620000,6.550000,6.620000,3.924640,5700
2012-09-06,6.630000,6.700000,6.630000,6.670000,3.954283,3000
2012-09-07,6.720000,6.740000,6.720000,6.720000,3.983926,2300
2012-09-10,6.700000,6.740000,6.660000,6.660000,3.948354,2600
2012-09-11,6.670000,6.790000,6.670000,6.790000,4.025424,8100
2012-09-12,6.810000,6.860000,6.810000,6.860000,4.066924,4700
2012-09-13,6.820000,6.880000,6.820000,6.850000,4.060995,3800
2012-09-14,6.890000,6.890000,6.890000,6.890000,4.084709,100
2012-09-17,6.930000,6.990000,6.880000,6.880000,4.078781,9400
2012-09-18,6.860000,6.870000,6.840000,6.840000,4.055067,8100
2012-09-19,6.850000,6.860000,6.850000,6.860000,4.066924,3000
2012-09-20,6.890000,6.920000,6.860000,6.890000,4.084709,12900
2012-09-21,6.870000,6.870000,6.830000,6.830000,4.049139,3900
2012-09-24,6.750000,6.930000,6.750000,6.890000,4.084709,15300
2012-09-25,6.900000,6.900000,6.900000,6.900000,4.090638,1000
2012-09-26,6.830000,6.900000,6.760000,6.870000,4.072853,3300
2012-09-27,6.890000,6.890000,6.890000,6.890000,4.084709,100
2012-09-28,6.760000,6.910000,6.760000,6.910000,4.096566,4300
2012-10-01,6.920000,7.000000,6.920000,7.000000,4.149921,4200
2012-10-02,7.000000,7.000000,7.000000,7.000000,4.149921,200
2012-10-03,7.000000,7.000000,7.000000,7.000000,4.149921,0
2012-10-04,7.060000,7.060000,7.040000,7.050000,4.179564,1900
2012-10-05,7.030000,7.250000,7.030000,7.110000,4.215135,2000
2012-10-08,7.030000,7.080000,7.030000,7.080000,4.197350,1100
2012-10-09,7.070000,7.120000,7.010000,7.040000,4.173635,12000
2012-10-10,7.000000,7.000000,6.900000,6.900000,4.090638,3400
2012-10-11,6.870000,6.870000,6.750000,6.780000,4.019496,6800
2012-10-12,6.780000,6.780000,6.780000,6.780000,4.019496,0
2012-10-15,6.770000,6.770000,6.770000,6.770000,4.013567,100
2012-10-16,6.850000,6.850000,6.850000,6.850000,4.060995,300
2012-10-17,6.870000,6.870000,6.870000,6.870000,4.072853,2000
2012-10-18,6.870000,6.870000,6.870000,6.870000,4.072853,0
2012-10-19,6.810000,6.910000,6.700000,6.910000,4.096566,8300
2012-10-22,7.000000,7.000000,6.610000,6.730000,3.989853,4300
2012-10-23,6.610000,6.900000,6.600000,6.880000,4.078781,14700
2012-10-24,6.860000,6.920000,6.860000,6.920000,4.102494,600
2012-10-25,6.890000,6.890000,6.890000,6.890000,4.084709,100
2012-10-26,6.890000,6.890000,6.890000,6.890000,4.084709,0
2012-10-31,6.890000,6.890000,6.890000,6.890000,4.084709,0
2012-11-01,6.800000,6.840000,6.730000,6.830000,4.049139,3200
2012-11-02,6.770000,6.770000,6.770000,6.770000,4.013567,200
2012-11-05,6.770000,6.770000,6.770000,6.770000,4.013567,0
2012-11-06,6.840000,6.840000,6.840000,6.840000,4.055067,100
2012-11-07,6.780000,6.780000,6.690000,6.720000,3.983926,700
2012-11-08,6.630000,6.630000,6.500000,6.500000,3.853499,3800
2012-11-09,6.530000,6.530000,6.530000,6.530000,3.871284,100
2012-11-12,6.530000,6.640000,6.530000,6.620000,3.924640,5700
2012-11-13,6.550000,6.680000,6.550000,6.620000,3.924640,7600
2012-11-14,6.670000,6.670000,6.470000,6.470000,3.835713,3200
2012-11-15,6.500000,6.510000,6.500000,6.500000,3.853499,900
2012-11-16,6.690000,6.690000,6.260000,6.500000,3.853499,8300
2012-11-19,6.590000,6.600000,6.510000,6.560000,3.889070,4600
2012-11-20,6.600000,6.610000,6.590000,6.610000,3.918712,2800
2012-11-21,6.630000,6.660000,6.560000,6.650000,3.942426,5600
2012-11-23,6.650000,6.650000,6.650000,6.650000,3.942426,0
2012-11-26,6.530000,6.720000,6.530000,6.620000,3.924640,1000
2012-11-27,6.660000,6.660000,6.640000,6.640000,3.936497,3900
2012-11-28,6.500000,6.720000,6.500000,6.720000,3.983926,3600
2012-11-29,6.770000,6.770000,6.600000,6.760000,4.007639,7100
2012-11-30,6.810000,6.820000,6.780000,6.780000,4.019496,4200
2012-12-03,6.830000,6.830000,6.780000,6.800000,4.031353,9100
2012-12-04,6.820000,6.880000,6.790000,6.850000,4.060995,8100
2012-12-05,6.810000,6.880000,6.670000,6.850000,4.060995,21000
2012-12-06,6.850000,6.900000,6.840000,6.900000,4.090638,11400
2012-12-07,6.870000,6.900000,6.720000,6.880000,4.078781,9000
2012-12-10,6.830000,6.900000,6.820000,6.900000,4.090638,2400
2012-12-11,6.860000,6.900000,6.810000,6.900000,4.090638,800
2012-12-12,6.900000,6.950000,6.890000,6.950000,4.120279,1200
2012-12-13,6.660000,6.680000,6.660000,6.680000,4.176551,800
2012-12-14,6.630000,6.730000,6.630000,6.730000,4.207813,2200
2012-12-17,6.650000,6.880000,6.650000,6.880000,4.301598,2300
2012-12-18,6.850000,6.900000,6.710000,6.900000,4.314102,4400
2012-12-19,6.660000,6.700000,6.610000,6.700000,4.189055,1700
2012-12-20,6.700000,6.700000,6.300000,6.620000,4.139038,11300
2012-12-21,6.580000,6.660000,6.580000,6.660000,4.164046,800
2012-12-24,6.900000,6.950000,6.880000,6.900000,4.314102,3300
2012-12-26,6.660000,6.660000,6.660000,6.660000,4.164046,100
2012-12-27,6.760000,6.900000,6.700000,6.900000,4.314102,8600
2012-12-28,6.940000,7.020000,6.940000,7.000000,4.376625,49200
2012-12-31,6.900000,7.220000,6.650000,7.100000,4.439148,46800
2013-01-02,7.140000,7.140000,6.850000,7.000000,4.376625,2900
2013-01-03,6.860000,6.940000,6.840000,6.890000,4.307849,6300
2013-01-04,6.890000,6.890000,6.890000,6.890000,4.307849,0
2013-01-07,6.900000,6.900000,6.900000,6.900000,4.314102,400
2013-01-08,6.600000,6.850000,6.600000,6.770000,4.232822,10200
2013-01-09,6.880000,6.900000,6.880000,6.880000,4.301598,1300
2013-01-10,6.830000,6.920000,6.790000,6.910000,4.320354,3500
2013-01-11,6.910000,6.910000,6.910000,6.910000,4.320354,0
2013-01-14,6.910000,6.910000,6.750000,6.830000,4.270336,5000
2013-01-15,6.830000,6.850000,6.720000,6.800000,4.251579,1600
2013-01-16,6.810000,6.810000,6.800000,6.800000,4.251579,3000
2013-01-17,6.920000,7.000000,6.850000,6.900000,4.314102,6200
2013-01-18,6.800000,6.890000,6.750000,6.840000,4.276588,5300
2013-01-22,6.890000,7.060000,6.890000,7.060000,4.414139,4800
2013-01-23,7.010000,7.400000,6.990000,7.100000,4.439148,5800
2013-01-24,7.070000,7.070000,6.910000,6.910000,4.320354,6700
2013-01-25,6.940000,6.990000,6.940000,6.990000,4.370373,1200
2013-01-28,7.030000,7.040000,6.710000,7.040000,4.401635,14100
2013-01-29,6.970000,7.020000,6.940000,6.970000,4.357868,2000
2013-01-30,6.930000,7.050000,6.930000,7.050000,4.407887,5900
2013-01-31,6.970000,7.110000,6.960000,7.050000,4.407887,2100
2013-02-01,7.060000,7.060000,6.990000,7.060000,4.414139,3300
2013-02-04,7.020000,7.180000,6.980000,7.120000,4.451653,4300
2013-02-05,7.090000,7.090000,6.990000,7.020000,4.389129,13900
2013-02-06,7.010000,7.010000,7.010000,7.010000,4.382877,0
2013-02-07,7.010000,7.010000,7.010000,7.010000,4.382877,0
2013-02-08,7.110000,7.110000,7.110000,7.110000,4.445401,200
2013-02-11,7.130000,7.130000,7.050000,7.060000,4.414139,2900
2013-02-12,7.080000,7.080000,7.050000,7.060000,4.414139,1900
2013-02-13,7.060000,7.100000,7.010000,7.060000,4.414139,5100
2013-02-14,7.080000,7.150000,7.030000,7.030000,4.395382,4500
2013-02-15,7.080000,7.080000,6.930000,6.930000,4.332859,10300
2013-02-19,7.000000,7.130000,6.940000,6.950000,4.345363,14500
2013-02-20,6.990000,7.020000,6.980000,7.000000,4.376625,6100
2013-02-21,6.760000,7.000000,6.760000,6.980000,4.364120,20100
2013-02-22,7.020000,7.070000,7.010000,7.050000,4.407887,1900
2013-02-25,7.050000,7.100000,7.050000,7.060000,4.414139,12100
2013-02-26,7.050000,7.080000,6.990000,7.040000,4.401635,4700
2013-02-27,7.000000,7.170000,7.000000,7.150000,4.470410,4800
2013-02-28,7.110000,7.140000,7.070000,7.110000,4.445401,2400
2013-03-01,7.110000,7.110000,7.040000,7.110000,4.445401,1600
2013-03-04,7.120000,7.180000,7.040000,7.110000,4.445401,4100
2013-03-05,7.220000,7.220000,7.120000,7.160000,4.476662,7700
2013-03-06,7.160000,7.220000,7.070000,7.150000,4.470410,2900
2013-03-07,7.170000,7.250000,7.170000,7.240000,4.526681,10100
2013-03-08,7.290000,7.310000,7.220000,7.310000,4.570447,4800
2013-03-11,7.310000,7.470000,7.280000,7.340000,4.589204,1400
2013-03-12,7.350000,7.470000,7.280000,7.470000,4.670484,1400
2013-03-13,7.310000,7.410000,7.310000,7.410000,4.632970,1800
2013-03-14,7.420000,7.500000,7.410000,7.500000,4.689241,1900
2013-03-15,7.410000,7.570000,7.400000,7.430000,4.645474,4700
2013-03-18,7.430000,7.430000,7.430000,7.430000,4.645474,0
2013-03-19,7.480000,7.480000,7.470000,7.470000,4.670484,400
2013-03-20,7.470000,7.470000,7.470000,7.470000,4.670484,0
2013-03-21,7.470000,7.470000,7.470000,7.470000,4.670484,0
2013-03-22,7.560000,7.560000,7.300000,7.390000,4.620465,5600
2013-03-25,7.390000,7.400000,7.390000,7.390000,4.620465,2100
2013-03-26,7.450000,7.470000,7.450000,7.470000,4.670484,1500
2013-03-27,7.470000,7.470000,7.470000,7.470000,4.670484,100
2013-03-28,7.480000,7.480000,7.390000,7.390000,4.620465,1600
2013-04-01,7.430000,7.430000,7.430000,7.430000,4.645474,200
2013-04-02,7.480000,7.480000,7.150000,7.400000,4.626718,9000
2013-04-03,7.450000,7.470000,7.450000,7.470000,4.670484,1800
2013-04-04,7.480000,7.510000,7.400000,7.470000,4.670484,3100
2013-04-05,7.480000,7.480000,7.480000,7.480000,4.676737,200
2013-04-08,7.520000,7.520000,7.480000,7.480000,4.676737,600
2013-04-09,7.410000,7.450000,7.320000,7.320000,4.576700,1600
2013-04-10,7.380000,7.530000,7.340000,7.480000,4.676737,4400
2013-04-11,7.440000,7.520000,7.210000,7.520000,4.701746,7200
2013-04-12,7.420000,7.540000,7.420000,7.520000,4.701746,2600
2013-04-15,7.460000,7.500000,7.080000,7.500000,4.689241,1400
2013-04-16,7.470000,7.470000,7.090000,7.300000,4.564195,2200
2013-04-17,7.330000,7.400000,7.330000,7.380000,4.614213,2900
2013-04-18,7.300000,7.460000,7.260000,7.460000,4.664232,7200
2013-04-19,7.460000,7.460000,7.270000,7.460000,4.664232,2300
2013-04-22,7.360000,7.460000,7.360000,7.370000,4.607961,2000
2013-04-23,7.400000,7.480000,7.390000,7.460000,4.664232,6400
2013-04-24,7.460000,7.520000,7.300000,7.440000,4.651727,4400
2013-04-25,7.460000,7.550000,7.290000,7.400000,4.626718,12900
2013-04-26,7.400000,7.400000,7.400000,7.400000,4.626718,0
2013-04-29,7.330000,7.510000,7.330000,7.470000,4.670484,3400
2013-04-30,7.480000,7.740000,7.480000,7.740000,4.839296,1400
2013-05-01,7.640000,7.640000,7.520000,7.540000,4.714250,3400
2013-05-02,7.570000,7.590000,7.510000,7.540000,4.714250,400
2013-05-03,7.540000,7.540000,7.540000,7.540000,4.714250,0
2013-05-06,7.400000,7.600000,7.400000,7.500000,4.689241,11200
2013-05-07,7.570000,7.660000,7.570000,7.590000,4.745512,800
2013-05-08,7.630000,7.640000,7.550000,7.580000,4.739260,4600
2013-05-09,7.540000,7.610000,7.540000,7.590000,4.745512,1100
2013-05-10,7.530000,7.580000,7.520000,7.580000,4.739260,1100
2013-05-13,7.490000,7.550000,7.470000,7.550000,4.720503,1200
2013-05-14,7.630000,7.640000,7.630000,7.640000,4.776773,1400
2013-05-15,7.620000,7.740000,7.620000,7.720000,4.826792,4100
2013-05-16,7.720000,7.720000,7.700000,7.710000,4.820539,2500
2013-05-17,7.890000,7.890000,7.890000,7.890000,4.933082,100
2013-05-20,7.730000,7.800000,7.340000,7.640000,4.776773,12900
2013-05-21,7.620000,7.700000,7.580000,7.700000,4.814288,3100
2013-05-22,7.670000,7.720000,7.610000,7.720000,4.826792,5700
2013-05-23,7.590000,7.910000,7.590000,7.600000,4.751764,2400
2013-05-24,7.540000,7.600000,7.540000,7.570000,4.733007,3300
2013-05-28,7.660000,7.740000,7.660000,7.700000,4.814288,7500
2013-05-29,7.630000,7.750000,7.580000,7.670000,4.795531,1400
2013-05-30,7.670000,7.750000,7.590000,7.700000,4.814288,5600
2013-05-31,7.630000,7.680000,7.580000,7.650000,4.783026,3100
2013-06-03,7.640000,7.640000,7.560000,7.630000,4.770521,400
2013-06-04,7.880000,7.880000,7.550000,7.620000,4.764269,2600
2013-06-05,7.560000,7.560000,7.410000,7.470000,4.670484,10100
2013-06-06,7.490000,7.600000,7.470000,7.480000,4.676737,800
2013-06-07,7.540000,7.790000,7.540000,7.630000,4.770521,3600
2013-06-10,7.750000,7.750000,7.750000,7.750000,4.845549,300
2013-06-11,7.750000,7.750000,7.750000,7.750000,4.845549,0
2013-06-12,7.790000,7.790000,7.580000,7.620000,4.764269,1300
2013-06-13,7.780000,7.790000,7.780000,7.790000,4.870559,500
2013-06-14,7.610000,7.620000,7.550000,7.550000,4.720503,2700
2013-06-17,7.740000,7.740000,7.740000,7.740000,4.839296,100
2013-06-18,7.740000,7.740000,7.740000,7.740000,4.839296,0
2013-06-19,7.740000,7.740000,7.740000,7.740000,4.839296,0
2013-06-20,7.740000,7.740000,7.310000,7.450000,4.657979,9600
2013-06-21,7.400000,7.750000,7.400000,7.570000,4.733007,3800
2013-06-24,7.770000,7.770000,7.770000,7.770000,4.858054,300
2013-06-25,7.690000,7.690000,7.550000,7.620000,4.764269,3800
2013-06-26,7.620000,7.640000,7.620000,7.630000,4.770521,1000
2013-06-27,7.690000,7.700000,7.680000,7.700000,4.814288,5400
2013-06-28,7.700000,7.700000,7.700000,7.700000,4.814288,1200
2013-07-01,7.650000,7.900000,7.600000,7.720000,4.826792,8200
2013-07-02,7.670000,7.710000,7.630000,7.630000,4.770521,1400
2013-07-03,7.520000,7.710000,7.310000,7.630000,4.770521,5800
2013-07-05,7.450000,7.740000,7.390000,7.720000,4.826792,7800
2013-07-08,7.720000,7.720000,7.720000,7.720000,4.826792,0
2013-07-09,7.780000,7.780000,7.780000,7.780000,4.864306,100
2013-07-10,7.330000,7.560000,7.320000,7.510000,4.695493,8800
2013-07-11,7.370000,7.770000,7.370000,7.770000,4.858054,1000
2013-07-12,7.790000,7.800000,7.770000,7.800000,4.876811,4800
2013-07-15,7.900000,7.900000,7.770000,7.770000,4.858054,900
2013-07-16,7.770000,7.770000,7.770000,7.770000,4.858054,0
2013-07-17,7.830000,7.830000,7.830000,7.830000,4.895568,700
2013-07-18,7.770000,7.850000,7.700000,7.850000,4.908072,4100
2013-07-19,7.840000,7.860000,7.840000,7.860000,4.914325,6800
2013-07-22,7.870000,7.870000,7.860000,7.860000,4.914325,600
2013-07-23,7.880000,7.900000,7.560000,7.900000,4.939334,800
2013-07-24,7.870000,7.870000,7.370000,7.800000,4.876811,1900
2013-07-25,7.820000,7.820000,7.820000,7.820000,4.889315,200
2013-07-26,7.780000,7.820000,7.780000,7.820000,4.889315,2000
2013-07-29,7.790000,7.800000,7.790000,7.800000,4.876811,1500
2013-07-30,7.800000,7.800000,7.400000,7.410000,4.632970,15100
2013-07-31,7.450000,7.800000,7.450000,7.800000,4.876811,15600
2013-08-01,7.850000,8.000000,7.760000,7.970000,4.983100,24200
2013-08-02,7.460000,8.030000,7.460000,8.030000,5.020614,1600
2013-08-05,8.000000,8.100000,7.980000,8.010000,5.008110,13300
2013-08-06,8.080000,8.270000,8.070000,8.260000,5.164418,13300
2013-08-07,8.080000,8.220000,8.010000,8.220000,5.139409,13700
2013-08-08,8.220000,8.220000,8.160000,8.160000,5.101894,2500
2013-08-09,8.160000,8.220000,7.710000,8.170000,5.108147,7100
2013-08-12,8.220000,8.220000,8.130000,8.130000,5.083138,700
2013-08-13,8.130000,8.170000,8.030000,8.140000,5.089390,5700
2013-08-14,8.140000,8.140000,8.140000,8.140000,5.089390,0
2013-08-15,7.830000,8.050000,7.830000,8.050000,5.033119,500
2013-08-16,8.050000,8.050000,8.050000,8.050000,5.033119,0
2013-08-19,8.050000,8.050000,8.050000,8.050000,5.033119,200
2013-08-20,8.100000,8.120000,8.090000,8.120000,5.076885,1200
2013-08-21,7.900000,8.050000,7.900000,8.000000,5.001857,2700
2013-08-22,8.000000,8.000000,8.000000,8.000000,5.001857,0
2013-08-23,7.910000,8.000000,7.910000,8.000000,5.001857,1600
2013-08-26,8.000000,8.000000,8.000000,8.000000,5.001857,0
2013-08-27,7.930000,8.000000,7.910000,7.980000,4.989352,6300
2013-08-28,8.000000,8.040000,7.930000,8.030000,5.020614,20500
2013-08-29,7.970000,7.980000,7.920000,7.920000,4.951838,700
2013-08-30,8.010000,8.010000,7.910000,7.910000,4.945586,200
2013-09-03,7.980000,7.980000,7.960000,7.970000,4.983100,2800
2013-09-04,8.080000,8.080000,7.920000,7.990000,4.995605,1500
2013-09-05,8.110000,8.110000,8.090000,8.090000,5.058128,600
2013-09-06,8.000000,8.040000,7.930000,8.010000,5.008110,3500
2013-09-09,8.010000,8.010000,8.010000,8.010000,5.008110,0
2013-09-10,7.970000,8.070000,7.960000,7.990000,4.995605,2800
2013-09-11,8.120000,8.120000,8.120000,8.120000,5.076885,300
2013-09-12,8.060000,8.060000,8.060000,8.060000,5.039372,1500
2013-09-13,8.060000,8.060000,8.060000,8.060000,5.039372,0
2013-09-16,8.060000,8.170000,8.060000,8.090000,5.058128,60300
2013-09-17,8.140000,8.170000,8.020000,8.020000,5.014362,7400
2013-09-18,8.010000,8.050000,8.010000,8.050000,5.033119,400
2013-09-19,8.120000,8.170000,8.050000,8.080000,5.051876,10300
2013-09-20,8.050000,8.120000,7.690000,8.110000,5.070632,14000
2013-09-23,8.070000,8.130000,8.070000,8.110000,5.070632,4200
2013-09-24,8.070000,8.450000,8.070000,8.290000,5.183174,14700
2013-09-25,8.250000,8.250000,8.250000,8.250000,5.158165,200
2013-09-26,8.300000,8.340000,8.300000,8.340000,5.214437,2900
2013-09-27,8.340000,8.340000,8.340000,8.340000,5.214437,100
2013-09-30,8.340000,8.340000,8.340000,8.340000,5.214437,0
2013-10-01,8.340000,8.340000,8.340000,8.340000,5.214437,1000
2013-10-02,8.340000,8.340000,8.340000,8.340000,5.214437,100
2013-10-03,8.270000,8.270000,8.270000,8.270000,5.170671,500
2013-10-04,7.800000,8.200000,7.800000,8.200000,5.126904,2900
2013-10-07,8.330000,8.330000,8.240000,8.240000,5.151913,300
2013-10-08,8.240000,8.240000,8.240000,8.240000,5.151913,0
2013-10-09,8.260000,8.260000,8.200000,8.200000,5.126904,300
2013-10-10,8.270000,8.270000,8.270000,8.270000,5.170671,400
2013-10-11,8.440000,8.440000,8.260000,8.260000,5.164418,2100
2013-10-14,8.300000,8.300000,8.300000,8.300000,5.189427,200
2013-10-15,8.310000,8.310000,7.910000,8.180000,5.114398,1900
2013-10-16,8.300000,8.300000,8.300000,8.300000,5.189427,200
2013-10-17,8.300000,8.300000,8.300000,8.300000,5.189427,0
2013-10-18,8.000000,8.250000,7.950000,8.250000,5.158165,2000
2013-10-21,8.230000,8.250000,8.230000,8.250000,5.158165,300
2013-10-22,8.260000,8.330000,8.260000,8.330000,5.208184,4000
2013-10-23,8.330000,8.330000,8.330000,8.330000,5.208184,0
2013-10-24,8.390000,8.390000,8.340000,8.340000,5.214437,500
2013-10-25,8.410000,8.410000,8.200000,8.310000,5.195680,900
2013-10-28,8.380000,8.410000,8.380000,8.410000,5.258203,1100
2013-10-29,7.960000,8.450000,7.960000,8.450000,5.283212,1000
2013-10-30,8.450000,8.460000,8.210000,8.300000,5.189427,6300
2013-10-31,8.060000,8.340000,8.060000,8.340000,5.214437,600
2013-11-01,8.360000,8.360000,8.360000,8.360000,5.226941,1700
2013-11-04,8.310000,8.400000,8.310000,8.400000,5.251950,9300
2013-11-05,8.370000,8.370000,8.370000,8.370000,5.233193,100
2013-11-06,8.380000,8.430000,8.370000,8.400000,5.251950,1000
2013-11-07,8.350000,8.360000,8.340000,8.340000,5.214437,1400
2013-11-08,8.340000,8.340000,8.340000,8.340000,5.214437,0
2013-11-11,8.570000,8.580000,8.510000,8.510000,5.320725,3000
2013-11-12,8.530000,8.560000,8.530000,8.560000,5.351987,900
2013-11-13,8.380000,8.570000,8.380000,8.570000,5.358239,1100
2013-11-14,8.630000,8.630000,8.480000,8.480000,5.301969,14600
2013-11-15,8.610000,8.610000,8.450000,8.460000,5.289464,17300
2013-11-18,8.470000,8.530000,8.450000,8.520000,5.326978,1700
2013-11-19,8.410000,8.440000,8.410000,8.440000,5.276959,1400
2013-11-20,8.420000,8.450000,8.350000,8.420000,5.264455,3100
2013-11-21,8.220000,8.600000,8.220000,8.600000,5.376997,700
2013-11-22,8.500000,8.500000,8.440000,8.440000,5.276959,600
2013-11-25,8.000000,8.620000,7.930000,8.440000,5.276959,3700
2013-11-26,8.450000,8.450000,8.450000,8.450000,5.283212,100
2013-11-27,8.450000,8.450000,8.450000,8.450000,5.283212,0
2013-11-29,8.240000,8.580000,8.240000,8.430000,5.270707,3400
2013-12-02,8.440000,8.440000,8.380000,8.380000,5.239445,1100
2013-12-03,8.540000,8.540000,8.460000,8.470000,5.295716,3300
2013-12-04,8.500000,8.600000,8.430000,8.530000,5.333230,4900
2013-12-05,8.570000,8.630000,8.500000,8.630000,5.395753,4400
2013-12-06,8.620000,8.900000,8.620000,8.800000,5.502043,7600
2013-12-09,9.600000,9.600000,8.740000,8.820000,5.514547,6800
2013-12-10,8.810000,8.820000,8.750000,8.820000,5.514547,6300
2013-12-11,8.250000,8.250000,7.560000,7.730000,5.465058,13400
2013-12-12,7.700000,7.740000,7.670000,7.720000,5.457988,2300
2013-12-13,7.770000,7.770000,7.580000,7.660000,5.415568,1200
2013-12-16,7.660000,7.660000,7.660000,7.660000,5.415568,0
2013-12-17,7.610000,7.610000,7.530000,7.540000,5.330729,7100
2013-12-18,7.390000,7.950000,7.390000,7.940000,5.613527,6000
2013-12-19,7.560000,7.640000,7.530000,7.640000,5.401428,1400
2013-12-20,8.100000,8.100000,7.970000,7.970000,5.634736,4500
2013-12-23,8.460000,8.850000,8.050000,8.190000,5.790275,9300
2013-12-24,8.190000,8.190000,8.190000,8.190000,5.790275,0
2013-12-26,8.140000,8.140000,7.720000,8.060000,5.698367,5300
2013-12-27,8.230000,8.450000,8.110000,8.200000,5.797345,55700
2013-12-30,8.400000,8.600000,7.970000,8.110000,5.733715,205800
2013-12-31,7.780000,8.190000,7.780000,8.190000,5.790275,54900
2014-01-02,8.190000,8.190000,8.020000,8.190000,5.790275,56200
2014-01-03,8.240000,8.290000,8.240000,8.290000,5.860974,8900
2014-01-06,7.790000,8.140000,7.790000,8.140000,5.754926,9000
2014-01-07,8.140000,8.140000,8.140000,8.140000,5.754926,0
2014-01-08,8.140000,8.140000,8.140000,8.140000,5.754926,0
2014-01-09,8.050000,8.110000,8.050000,8.110000,5.733715,1400
2014-01-10,8.060000,8.100000,8.060000,8.060000,5.698367,600
2014-01-13,8.100000,8.100000,8.040000,8.040000,5.684226,500
2014-01-14,8.090000,8.090000,8.040000,8.090000,5.719576,800
2014-01-15,8.050000,8.050000,8.010000,8.010000,5.663016,1300
2014-01-16,7.910000,8.030000,7.840000,7.870000,5.564037,4800
2014-01-17,7.870000,7.870000,7.870000,7.870000,5.564037,0
2014-01-21,7.820000,7.820000,7.770000,7.770000,5.493337,2000
2014-01-22,7.820000,7.820000,7.550000,7.810000,5.521618,1800
2014-01-23,7.800000,7.800000,7.720000,7.720000,5.457988,1200
2014-01-24,7.720000,7.720000,7.720000,7.720000,5.457988,0
2014-01-27,7.650000,7.650000,7.510000,7.510000,5.309519,9400
2014-01-28,7.560000,7.560000,7.550000,7.550000,5.337799,600
2014-01-29,7.590000,7.650000,7.510000,7.600000,5.373149,13800
2014-01-30,7.670000,7.670000,7.500000,7.520000,5.316589,10300
2014-01-31,7.500000,7.570000,7.500000,7.560000,5.344869,2000
2014-02-03,7.500000,7.510000,7.460000,7.510000,5.309519,1800
2014-02-04,7.520000,7.520000,7.500000,7.500000,5.302450,1900
2014-02-05,7.520000,7.520000,7.500000,7.500000,5.302450,1200
2014-02-06,7.500000,7.500000,7.500000,7.500000,5.302450,0
2014-02-07,7.380000,7.580000,7.380000,7.470000,5.281240,5100
2014-02-10,7.470000,7.480000,7.430000,7.430000,5.252959,6200
2014-02-11,7.490000,7.550000,7.490000,7.550000,5.337799,1400
2014-02-12,7.560000,7.560000,7.560000,7.560000,5.344869,100
2014-02-13,7.500000,7.500000,7.480000,7.500000,5.302450,14400
2014-02-14,7.550000,7.550000,7.550000,7.550000,5.337799,100
2014-02-18,7.580000,7.590000,7.580000,7.580000,5.359009,900
2014-02-19,7.580000,7.580000,7.580000,7.580000,5.359009,0
2014-02-20,7.790000,7.790000,7.690000,7.740000,5.472127,2200
2014-02-21,7.750000,7.820000,7.750000,7.820000,5.528687,3000
2014-02-24,7.810000,7.810000,7.490000,7.630000,5.394359,8700
2014-02-25,7.670000,7.670000,7.390000,7.620000,5.387289,2800
2014-02-26,7.630000,7.630000,7.630000,7.630000,5.394359,500
2014-02-27,7.670000,7.710000,7.670000,7.680000,5.429708,600
2014-02-28,7.680000,7.680000,7.680000,7.680000,5.429708,1500
2014-03-03,7.680000,7.720000,7.590000,7.640000,5.401428,3700
2014-03-04,7.690000,7.700000,7.660000,7.700000,5.443848,2100
2014-03-05,7.760000,7.780000,7.750000,7.780000,5.500408,1500
2014-03-06,7.780000,7.780000,7.780000,7.780000,5.500408,0
2014-03-07,7.780000,7.780000,7.780000,7.780000,5.500408,0
2014-03-10,7.750000,7.800000,7.500000,7.800000,5.514547,3000
2014-03-11,7.750000,7.810000,7.750000,7.800000,5.514547,5500
2014-03-12,7.790000,7.820000,7.590000,7.710000,5.450918,19800
2014-03-13,7.690000,7.690000,6.830000,7.620000,5.387289,10300
2014-03-14,7.620000,7.620000,7.620000,7.620000,5.387289,0
2014-03-17,7.630000,7.650000,7.620000,7.630000,5.394359,11700
2014-03-18,7.620000,7.630000,7.620000,7.620000,5.387289,2700
2014-03-19,7.650000,7.660000,7.640000,7.650000,5.408499,1800
2014-03-20,7.640000,7.820000,7.640000,7.820000,5.528687,4700
2014-03-21,7.760000,7.820000,7.760000,7.820000,5.528687,3000
2014-03-24,7.790000,8.000000,7.790000,8.000000,5.655946,4200
2014-03-25,8.000000,8.010000,8.000000,8.010000,5.663016,1100
2014-03-26,8.080000,8.220000,8.080000,8.100000,5.726645,6300
2014-03-27,7.960000,7.960000,7.960000,7.960000,5.627666,100
2014-03-28,7.810000,7.820000,7.810000,7.820000,5.528687,800
2014-03-31,7.720000,7.720000,7.720000,7.720000,5.457988,600
2014-04-01,7.770000,7.770000,7.770000,7.770000,5.493337,200
2014-04-02,7.770000,7.770000,7.770000,7.770000,5.493337,0
2014-04-03,7.850000,7.980000,7.850000,7.900000,5.585247,800
2014-04-04,7.900000,7.900000,7.900000,7.900000,5.585247,0
2014-04-07,7.990000,7.990000,7.650000,7.740000,5.472127,2200
2014-04-08,7.910000,7.910000,7.750000,7.800000,5.514547,800
2014-04-09,7.700000,7.800000,7.650000,7.800000,5.514547,8400
2014-04-10,7.850000,7.890000,7.790000,7.860000,5.556968,15900
2014-04-11,7.780000,7.960000,7.710000,7.960000,5.627666,3700
2014-04-14,7.950000,7.950000,7.560000,7.560000,5.344869,700
2014-04-15,7.760000,7.760000,7.760000,7.760000,5.486268,500
2014-04-16,7.680000,8.000000,7.600000,7.850000,5.549897,4400
2014-04-17,7.850000,7.850000,7.850000,7.850000,5.549897,0
2014-04-21,7.680000,7.680000,7.660000,7.660000,5.415568,1700
2014-04-22,7.750000,7.950000,7.750000,7.870000,5.564037,3800
2014-04-23,7.650000,7.680000,7.610000,7.640000,5.401428,4000
2014-04-24,7.690000,7.730000,7.650000,7.660000,5.415568,2600
2014-04-25,7.650000,7.980000,7.650000,7.980000,5.641806,2200
2014-04-28,8.000000,8.000000,7.650000,7.800000,5.514547,5300
2014-04-29,7.800000,7.800000,7.800000,7.800000,5.514547,0
2014-04-30,7.830000,7.830000,7.830000,7.830000,5.535757,100
2014-05-01,7.960000,7.970000,7.900000,7.950000,5.620596,1400
2014-05-02,7.950000,7.950000,7.900000,7.900000,5.585247,500
2014-05-05,7.900000,7.900000,7.900000,7.900000,5.585247,0
2014-05-06,7.800000,7.830000,7.800000,7.800000,5.514547,1100
2014-05-07,7.900000,7.900000,7.900000,7.900000,5.585247,200
2014-05-08,7.900000,7.900000,7.900000,7.900000,5.585247,0
2014-05-09,7.900000,7.900000,7.900000,7.900000,5.585247,0
2014-05-12,7.850000,7.850000,7.850000,7.850000,5.549897,300
2014-05-13,7.850000,7.850000,7.850000,7.850000,5.549897,0
2014-05-14,7.850000,7.850000,7.850000,7.850000,5.549897,0
2014-05-15,7.870000,7.870000,7.870000,7.870000,5.564037,1000
2014-05-16,7.850000,7.850000,7.850000,7.850000,5.549897,300
2014-05-19,7.850000,7.850000,7.850000,7.850000,5.549897,0
2014-05-20,7.850000,7.910000,7.800000,7.800000,5.514547,3200
2014-05-21,7.800000,7.850000,7.800000,7.850000,5.549897,1500
2014-05-22,7.850000,7.850000,7.850000,7.850000,5.549897,0
2014-05-23,7.850000,7.850000,7.850000,7.850000,5.549897,0
2014-05-27,7.960000,8.180000,7.950000,8.140000,5.754926,5100
2014-05-28,8.000000,8.000000,8.000000,8.000000,5.655946,1000
2014-05-29,8.270000,8.270000,7.610000,7.660000,5.415568,1700
2014-05-30,7.570000,8.140000,7.370000,8.060000,5.698367,9500
2014-06-02,7.960000,7.960000,7.530000,7.720000,5.457988,2400
2014-06-03,7.750000,7.950000,7.750000,7.800000,5.514547,4200
2014-06-04,7.800000,7.800000,7.800000,7.800000,5.514547,0
2014-06-05,7.900000,7.950000,7.900000,7.950000,5.620596,5200
2014-06-06,8.060000,8.080000,8.050000,8.080000,5.712505,2600
2014-06-09,8.080000,8.080000,8.080000,8.080000,5.712505,400
2014-06-10,8.010000,8.010000,8.000000,8.010000,5.663016,1300
2014-06-11,8.010000,8.010000,7.990000,7.990000,5.648876,2300
2014-06-12,8.000000,8.000000,8.000000,8.000000,5.655946,1800
2014-06-13,8.000000,8.000000,8.000000,8.000000,5.655946,0
2014-06-16,8.000000,8.000000,8.000000,8.000000,5.655946,0
2014-06-17,8.000000,8.060000,7.810000,7.930000,5.606456,7900
2014-06-18,7.930000,7.930000,7.930000,7.930000,5.606456,0
2014-06-19,7.890000,7.890000,7.890000,7.890000,5.578176,400
2014-06-20,7.890000,7.890000,7.890000,7.890000,5.578176,0
2014-06-23,7.820000,8.020000,7.670000,7.980000,5.641806,20500
2014-06-24,8.030000,8.030000,7.950000,7.960000,5.627666,3500
2014-06-25,8.020000,8.020000,7.960000,7.960000,5.627666,600
2014-06-26,8.030000,8.030000,8.030000,8.030000,5.677155,1100
2014-06-27,8.030000,8.040000,8.010000,8.010000,5.663016,1500
2014-06-30,8.040000,8.040000,7.930000,7.930000,5.606456,400
2014-07-01,8.040000,8.200000,7.820000,8.200000,5.797345,7400
2014-07-02,8.230000,8.340000,8.150000,8.300000,5.868044,6700
2014-07-03,8.160000,8.300000,8.160000,8.300000,5.868044,7800
2014-07-07,8.400000,8.410000,8.300000,8.320000,5.882184,5000
2014-07-08,8.380000,8.380000,8.380000,8.380000,5.924604,1900
2014-07-09,8.380000,8.550000,8.330000,8.530000,6.030653,6700
2014-07-10,8.380000,8.710000,8.360000,8.360000,5.910464,9000
2014-07-11,8.440000,8.440000,8.200000,8.200000,5.797345,4400
2014-07-14,8.190000,8.200000,8.190000,8.200000,5.797345,2100
2014-07-15,8.200000,8.510000,8.150000,8.150000,5.761995,7800
2014-07-16,8.030000,8.100000,7.910000,7.970000,5.634736,7200
2014-07-17,7.970000,7.970000,7.970000,7.970000,5.634736,0
2014-07-18,8.120000,8.120000,7.930000,7.930000,5.606456,1600
2014-07-21,7.810000,8.090000,7.810000,7.960000,5.627666,7700
2014-07-22,8.040000,8.070000,8.040000,8.050000,5.691295,2200
2014-07-23,7.880000,7.880000,7.880000,7.880000,5.571107,200
2014-07-24,7.880000,7.880000,7.880000,7.880000,5.571107,0
2014-07-25,7.920000,7.920000,7.920000,7.920000,5.599387,200
2014-07-28,7.920000,7.920000,7.920000,7.920000,5.599387,0
2014-07-29,7.910000,7.910000,7.900000,7.900000,5.585247,1400
2014-07-30,7.900000,7.900000,7.900000,7.900000,5.585247,0
2014-07-31,7.900000,7.900000,7.900000,7.900000,5.585247,0
2014-08-01,8.280000,8.280000,8.000000,8.000000,5.655946,400
2014-08-04,7.920000,7.920000,7.890000,7.890000,5.578176,600
2014-08-05,7.890000,7.890000,7.580000,7.580000,5.359009,1400
2014-08-06,7.640000,7.640000,7.640000,7.640000,5.401428,100
2014-08-07,7.590000,7.810000,7.590000,7.700000,5.443848,1600
2014-08-08,7.620000,7.720000,7.590000,7.720000,5.457988,3800
2014-08-11,7.720000,7.720000,7.720000,7.720000,5.457988,0
2014-08-12,7.570000,7.570000,7.570000,7.570000,5.351938,100
2014-08-13,7.570000,7.570000,7.570000,7.570000,5.351938,0
2014-08-14,7.610000,7.870000,7.610000,7.870000,5.564037,900
2014-08-15,7.870000,7.870000,7.870000,7.870000,5.564037,0
2014-08-18,7.650000,7.900000,7.650000,7.840000,5.542828,11200
2014-08-19,7.840000,7.840000,7.840000,7.840000,5.542828,0
2014-08-20,7.800000,7.890000,7.800000,7.820000,5.528687,6700
2014-08-21,7.800000,7.900000,7.670000,7.710000,5.450918,19200
2014-08-22,7.800000,7.810000,7.660000,7.660000,5.415568,5600
2014-08-25,7.660000,7.720000,7.660000,7.680000,5.429708,1400
2014-08-26,7.650000,7.830000,7.650000,7.830000,5.535757,17100
2014-08-27,7.680000,7.740000,7.680000,7.740000,5.472127,7100
2014-08-28,7.720000,7.740000,7.720000,7.740000,5.472127,2100
2014-08-29,7.720000,7.720000,7.720000,7.720000,5.457988,100
2014-09-02,7.830000,7.850000,7.820000,7.850000,5.549897,8000
2014-09-03,7.800000,7.850000,7.800000,7.850000,5.549897,3200
2014-09-04,7.800000,7.880000,7.800000,7.880000,5.571107,1100
2014-09-05,7.850000,7.880000,7.850000,7.850000,5.549897,1700
2014-09-08,7.730000,7.940000,7.730000,7.940000,5.613527,200
2014-09-09,7.850000,7.900000,7.800000,7.850000,5.549897,7800
2014-09-10,7.860000,7.950000,7.860000,7.950000,5.620596,4700
2014-09-11,7.800000,7.800000,7.800000,7.800000,5.514547,300
2014-09-12,7.780000,7.840000,7.750000,7.750000,5.479198,4200
2014-09-15,7.690000,7.750000,7.690000,7.750000,5.479198,300
2014-09-16,7.780000,7.790000,7.760000,7.790000,5.507478,2300
2014-09-17,7.750000,7.750000,7.750000,7.750000,5.479198,100
2014-09-18,7.710000,7.860000,7.650000,7.860000,5.556968,9900
2014-09-19,7.730000,7.800000,7.730000,7.800000,5.514547,2900
2014-09-22,7.790000,7.800000,7.770000,7.800000,5.514547,13900
2014-09-23,7.750000,7.750000,7.750000,7.750000,5.479198,700
2014-09-24,7.730000,7.810000,7.730000,7.810000,5.521618,500
2014-09-25,7.730000,7.910000,7.730000,7.910000,5.592317,2100
2014-09-26,7.910000,7.910000,7.910000,7.910000,5.592317,0
2014-09-29,7.910000,7.910000,7.910000,7.910000,5.592317,0
2014-09-30,7.740000,7.760000,7.730000,7.760000,5.486268,4900
2014-10-01,7.830000,7.830000,7.830000,7.830000,5.535757,200
2014-10-02,7.630000,7.630000,7.630000,7.630000,5.394359,100
2014-10-03,7.650000,7.800000,7.650000,7.800000,5.514547,3900
2014-10-06,7.810000,7.850000,7.810000,7.850000,5.549897,800
2014-10-07,7.850000,7.850000,7.850000,7.850000,5.549897,0
2014-10-08,7.700000,7.700000,7.700000,7.700000,5.443848,100
2014-10-09,7.710000,7.710000,7.710000,7.710000,5.450918,700
2014-10-10,7.710000,7.710000,7.710000,7.710000,5.450918,0
2014-10-13,7.720000,7.720000,7.650000,7.700000,5.443848,1100
2014-10-14,7.700000,7.720000,7.700000,7.710000,5.450918,2900
2014-10-15,7.500000,7.570000,7.500000,7.500000,5.302450,4700
2014-10-16,7.270000,7.450000,7.200000,7.450000,5.267100,10500
2014-10-17,7.450000,7.450000,7.450000,7.450000,5.267100,0
2014-10-20,7.450000,7.450000,7.450000,7.450000,5.267100,0
2014-10-21,7.540000,7.630000,7.540000,7.630000,5.394359,500
2014-10-22,7.630000,7.630000,7.630000,7.630000,5.394359,0
2014-10-23,7.840000,7.840000,7.840000,7.840000,5.542828,200
2014-10-24,7.690000,7.730000,7.690000,7.730000,5.465058,3300
2014-10-27,8.040000,8.040000,7.970000,7.980000,5.641806,2800
2014-10-28,7.940000,8.210000,7.940000,8.210000,5.804415,1200
2014-10-29,8.050000,8.050000,7.990000,8.010000,5.663016,2500
2014-10-30,7.790000,7.790000,7.790000,7.790000,5.507478,500
2014-10-31,8.190000,8.190000,7.900000,8.000000,5.655946,1500
2014-11-03,7.950000,7.950000,7.950000,7.950000,5.620596,800
2014-11-04,7.980000,8.200000,7.880000,7.880000,5.571107,9300
2014-11-05,7.980000,8.200000,7.980000,7.980000,5.641806,1900
2014-11-06,7.620000,8.200000,7.620000,8.200000,5.797345,6400
2014-11-07,8.100000,8.220000,7.870000,8.130000,5.747856,24000
2014-11-10,7.700000,8.300000,7.700000,8.120000,5.740786,15800
2014-11-11,8.300000,8.300000,7.950000,8.090000,5.719576,2900
2014-11-12,8.040000,8.350000,8.020000,8.200000,5.797345,15300
2014-11-13,8.220000,8.220000,8.120000,8.210000,5.804415,14000
2014-11-14,8.200000,8.320000,8.100000,8.200000,5.797345,19600
2014-11-17,8.220000,8.240000,8.190000,8.200000,5.797345,4000
2014-11-18,8.230000,8.310000,8.230000,8.310000,5.875114,8800
2014-11-19,8.320000,8.340000,8.310000,8.340000,5.896325,2000
2014-11-20,8.300000,8.410000,8.280000,8.300000,5.868044,13000
2014-11-21,8.200000,8.450000,8.200000,8.330000,5.889254,21100
2014-11-24,8.390000,8.410000,8.330000,8.350000,5.903394,3900
2014-11-25,8.360000,8.430000,8.360000,8.420000,5.952884,3200
2014-11-26,8.290000,8.430000,8.290000,8.290000,5.860974,900
2014-11-28,8.300000,8.300000,8.300000,8.300000,5.868044,200
2014-12-01,8.450000,8.450000,8.180000,8.340000,5.896325,14600
2014-12-02,8.230000,8.230000,8.230000,8.230000,5.818554,400
2014-12-03,8.400000,8.460000,8.310000,8.310000,5.875114,2400
2014-12-04,8.300000,8.310000,8.300000,8.310000,5.875114,1100
2014-12-05,8.300000,8.300000,8.290000,8.300000,5.868044,2000
2014-12-08,8.350000,8.350000,8.350000,8.350000,5.903394,700
2014-12-09,8.170000,8.170000,8.050000,8.100000,5.726645,5500
2014-12-10,7.900000,8.080000,7.680000,7.740000,5.734054,11100
2014-12-11,7.850000,7.940000,7.680000,7.870000,5.830363,15700
2014-12-12,7.680000,8.070000,7.680000,7.960000,5.897037,20700
2014-12-15,8.200000,8.200000,7.750000,7.950000,5.889629,38800
2014-12-16,7.700000,8.240000,7.690000,8.240000,6.104471,6200
2014-12-17,8.030000,8.050000,7.900000,7.950000,5.889629,6100
2014-12-18,8.020000,8.180000,7.750000,7.810000,5.785913,42700
2014-12-19,7.990000,8.480000,7.750000,7.870000,5.830363,12700
2014-12-22,7.960000,8.240000,7.920000,7.970000,5.904446,10600
2014-12-23,7.940000,8.120000,7.840000,8.120000,6.015571,5300
2014-12-24,8.290000,8.300000,7.900000,8.250000,6.111879,19300
2014-12-26,8.400000,8.970000,8.130000,8.790000,6.511929,35900
2014-12-29,8.700000,8.700000,8.430000,8.430000,6.245229,17100
2014-12-30,8.640000,8.640000,8.420000,8.640000,6.400805,3700
2014-12-31,8.590000,8.700000,8.350000,8.700000,6.445254,19900
2015-01-02,8.470000,8.470000,8.470000,8.470000,6.274863,200
2015-01-05,8.550000,8.570000,8.280000,8.550000,6.334130,14700
2015-01-06,8.310000,8.450000,8.260000,8.410000,6.230413,2200
2015-01-07,8.410000,8.410000,8.210000,8.310000,6.156330,1300
2015-01-08,8.270000,8.440000,8.270000,8.440000,6.252637,300
2015-01-09,8.230000,8.440000,8.060000,8.320000,6.163737,27100
2015-01-12,8.260000,8.580000,8.030000,8.560000,6.341538,33400
2015-01-13,8.500000,8.640000,8.120000,8.120000,6.015571,110500
2015-01-14,8.220000,8.260000,8.100000,8.100000,6.000754,17500
2015-01-15,7.890000,8.020000,7.880000,7.880000,5.837771,11600
2015-01-16,7.920000,7.920000,7.800000,7.870000,5.830363,2600
2015-01-20,7.950000,7.950000,7.440000,7.930000,5.874812,32200
2015-01-21,7.800000,8.080000,7.750000,8.080000,5.985937,4100
2015-01-22,8.100000,8.300000,8.100000,8.250000,6.111879,6600
2015-01-23,8.000000,8.190000,7.900000,8.170000,6.052613,25900
2015-01-26,8.170000,8.590000,7.870000,8.330000,6.171145,34500
2015-01-27,8.420000,8.630000,8.190000,8.200000,6.074838,48900
2015-01-28,8.280000,8.640000,7.900000,8.020000,5.941488,173300
2015-01-29,8.000000,8.000000,7.800000,7.800000,5.778504,1500
2015-01-30,7.700000,7.950000,7.440000,7.640000,5.659970,19300
2015-02-02,7.650000,8.040000,7.650000,8.040000,5.956304,20800
2015-02-03,7.820000,8.090000,7.690000,7.860000,5.822954,39700
2015-02-04,7.970000,7.970000,7.660000,7.730000,5.726646,1400
2015-02-05,7.700000,7.750000,7.700000,7.750000,5.741462,2600
2015-02-06,7.750000,7.750000,7.650000,7.690000,5.697012,7400
2015-02-09,7.690000,7.690000,7.690000,7.690000,5.697012,0
2015-02-10,7.660000,7.830000,7.660000,7.830000,5.800729,3500
2015-02-11,7.600000,7.950000,7.590000,7.890000,5.845179,7500
2015-02-12,7.750000,8.010000,7.740000,8.010000,5.934079,1100
2015-02-13,7.840000,8.000000,7.720000,7.950000,5.889629,14200
2015-02-17,7.980000,7.980000,7.960000,7.980000,5.911854,1300
2015-02-18,7.960000,7.970000,7.950000,7.970000,5.904446,2000
2015-02-19,7.950000,8.070000,7.820000,8.030000,5.948895,23100
2015-02-20,7.900000,7.990000,7.800000,7.980000,5.911854,4000
2015-02-23,7.900000,8.000000,7.810000,7.810000,5.785913,5500
2015-02-24,7.910000,7.910000,7.850000,7.870000,5.830363,3000
2015-02-25,8.030000,8.030000,7.970000,7.990000,5.919262,1900
2015-02-26,7.990000,7.990000,7.970000,7.970000,5.904446,300
2015-02-27,7.900000,8.010000,7.900000,8.010000,5.934079,1900
2015-03-02,7.770000,8.040000,7.770000,8.030000,5.948895,7800
2015-03-03,8.030000,8.030000,8.030000,8.030000,5.948895,0
2015-03-04,8.040000,8.040000,8.040000,8.040000,5.956304,200
2015-03-05,7.850000,7.990000,7.810000,7.920000,5.867404,7700
2015-03-06,7.920000,7.920000,7.920000,7.920000,5.867404,0
2015-03-09,7.910000,7.910000,7.900000,7.910000,5.859995,3600
2015-03-10,7.860000,7.860000,7.710000,7.830000,5.800729,6900
2015-03-11,7.850000,7.850000,7.850000,7.850000,5.815546,500
2015-03-12,7.860000,7.860000,7.820000,7.820000,5.793321,1400
2015-03-13,7.700000,7.750000,7.700000,7.750000,5.741462,1300
2015-03-16,7.880000,7.930000,7.870000,7.930000,5.874812,4900
2015-03-17,7.800000,7.910000,7.800000,7.910000,5.859995,5300
2015-03-18,7.800000,7.880000,7.800000,7.880000,5.837771,3100
2015-03-19,7.830000,7.850000,7.830000,7.850000,5.815546,2300
2015-03-20,7.980000,7.990000,7.920000,7.970000,5.904446,7200
2015-03-23,7.650000,7.950000,7.650000,7.900000,5.852587,3600
2015-03-24,7.910000,7.980000,7.910000,7.960000,5.897037,500
2015-03-25,7.740000,7.960000,7.740000,7.870000,5.830363,3700
2015-03-26,7.810000,7.940000,7.810000,7.880000,5.837771,700
2015-03-27,7.690000,7.940000,7.690000,7.940000,5.882221,1100
2015-03-30,7.950000,7.960000,7.900000,7.960000,5.897037,6400
2015-03-31,7.800000,7.950000,7.800000,7.900000,5.852587,3500
2015-04-01,7.900000,7.900000,7.900000,7.900000,5.852587,0
2015-04-02,7.910000,7.910000,7.750000,7.910000,5.859995,1600
2015-04-06,7.910000,7.910000,7.910000,7.910000,5.859995,0
2015-04-07,7.920000,7.950000,7.920000,7.940000,5.882221,1300
2015-04-08,7.780000,7.950000,7.770000,7.870000,5.830363,2800
2015-04-09,7.880000,7.880000,7.880000,7.880000,5.837771,2000
2015-04-10,7.930000,7.970000,7.930000,7.970000,5.904446,2200
2015-04-13,7.960000,7.960000,7.960000,7.960000,5.897037,500
2015-04-14,7.800000,7.800000,7.800000,7.800000,5.778504,400
2015-04-15,7.810000,7.810000,7.810000,7.810000,5.785913,200
2015-04-16,7.810000,7.830000,7.810000,7.830000,5.800729,1300
2015-04-17,7.830000,7.830000,7.830000,7.830000,5.800729,0
2015-04-20,7.910000,7.910000,7.900000,7.910000,5.859995,1600
2015-04-21,7.910000,7.910000,7.910000,7.910000,5.859995,400
2015-04-22,7.910000,7.910000,7.910000,7.910000,5.859995,0
2015-04-23,7.890000,7.890000,7.890000,7.890000,5.845179,800
2015-04-24,7.900000,7.900000,7.890000,7.890000,5.845179,800
2015-04-27,7.930000,7.930000,7.920000,7.930000,5.874812,1900
2015-04-28,8.020000,8.040000,8.010000,8.010000,5.934079,600
2015-04-29,8.010000,8.010000,8.010000,8.010000,5.934079,0
2015-04-30,8.030000,8.030000,7.780000,7.790000,5.771096,4700
2015-05-01,7.810000,7.810000,7.810000,7.810000,5.785913,300
2015-05-04,7.750000,7.920000,7.750000,7.920000,5.867404,3000
2015-05-05,7.820000,7.820000,7.820000,7.820000,5.793321,100
2015-05-06,7.820000,7.820000,7.820000,7.820000,5.793321,0
2015-05-07,7.750000,7.750000,7.750000,7.750000,5.741462,0
2015-05-08,7.750000,7.860000,7.740000,7.850000,5.815546,4500
2015-05-11,7.850000,7.850000,7.780000,7.820000,5.793321,3800
2015-05-12,7.700000,7.880000,7.630000,7.880000,5.837771,9200
2015-05-13,7.760000,7.920000,7.760000,7.900000,5.852587,9400
2015-05-14,8.000000,8.000000,8.000000,8.000000,5.926671,100
2015-05-15,7.990000,8.000000,7.990000,8.000000,5.926671,2600
2015-05-18,7.990000,8.030000,7.990000,8.030000,5.948895,900
2015-05-19,8.040000,8.040000,8.040000,8.040000,5.956304,1500
2015-05-20,7.730000,8.050000,7.730000,8.020000,5.941488,5100
2015-05-21,7.850000,8.040000,7.850000,8.040000,5.956304,9800
2015-05-22,8.090000,8.220000,8.080000,8.220000,6.089655,4600
2015-05-26,8.160000,8.160000,7.760000,8.010000,5.934079,9500
2015-05-27,8.050000,8.050000,8.050000,8.050000,5.963712,600
2015-05-28,8.050000,8.050000,8.050000,8.050000,5.963712,0
2015-05-29,8.050000,8.050000,7.920000,8.050000,5.963712,3200
2015-06-01,8.150000,8.150000,8.110000,8.110000,6.008162,500
2015-06-02,8.320000,8.320000,8.320000,8.320000,6.163737,1000
2015-06-03,8.020000,8.100000,8.020000,8.100000,6.000754,600
2015-06-04,8.150000,8.220000,8.100000,8.100000,6.000754,1200
2015-06-05,8.100000,8.100000,8.100000,8.100000,6.000754,0
2015-06-08,8.180000,8.220000,8.170000,8.200000,6.074838,2800
2015-06-09,8.020000,8.230000,8.020000,8.230000,6.097062,200
2015-06-10,8.570000,8.570000,8.230000,8.390000,6.215596,4000
2015-06-11,8.020000,8.130000,8.020000,8.130000,6.022979,3100
2015-06-12,8.130000,8.130000,8.130000,8.130000,6.022979,0
2015-06-15,8.130000,8.130000,8.130000,8.130000,6.022979,0
2015-06-16,8.140000,8.140000,8.130000,8.130000,6.022979,1200
2015-06-17,8.400000,8.400000,8.400000,8.400000,6.223004,100
2015-06-18,8.400000,8.400000,8.400000,8.400000,6.223004,0
2015-06-19,8.400000,8.400000,8.400000,8.400000,6.223004,0
2015-06-22,8.400000,8.400000,8.400000,8.400000,6.223004,0
2015-06-23,8.400000,8.400000,8.400000,8.400000,6.223004,0
2015-06-24,8.060000,8.100000,8.020000,8.100000,6.000754,900
2015-06-25,8.230000,8.230000,8.200000,8.200000,6.074838,1400
2015-06-26,8.050000,8.070000,7.750000,7.850000,5.815546,6500
2015-06-29,7.850000,8.040000,7.840000,7.900000,5.852587,2000
2015-06-30,7.790000,8.010000,7.790000,8.010000,5.934079,1600
2015-07-01,8.010000,8.010000,8.010000,8.010000,5.934079,0
2015-07-02,7.730000,7.830000,7.730000,7.830000,5.800729,600
2015-07-06,7.940000,7.940000,7.940000,7.940000,5.882221,100
2015-07-07,7.980000,7.980000,7.780000,7.950000,5.889629,1500
2015-07-08,7.950000,7.950000,7.950000,7.950000,5.889629,0
2015-07-09,8.020000,8.190000,8.010000,8.190000,6.067429,1800
2015-07-10,8.350000,8.350000,8.350000,8.350000,6.185963,100
2015-07-13,8.250000,8.250000,8.250000,8.250000,6.111879,100
2015-07-14,8.250000,8.250000,8.250000,8.250000,6.111879,0
2015-07-15,8.250000,8.250000,8.250000,8.250000,6.111879,0
2015-07-16,7.890000,8.150000,7.800000,8.150000,6.037796,6700
2015-07-17,8.030000,8.110000,8.030000,8.110000,6.008162,600
2015-07-20,8.120000,8.120000,8.120000,8.120000,6.015571,600
2015-07-21,8.080000,8.080000,8.080000,8.080000,5.985937,200
2015-07-22,8.080000,8.080000,8.080000,8.080000,5.985937,0
2015-07-23,8.150000,8.150000,8.150000,8.150000,6.037796,100
2015-07-24,8.140000,8.310000,8.090000,8.310000,6.156330,12700
2015-07-27,8.070000,8.290000,8.050000,8.290000,6.141512,4600
2015-07-28,8.270000,8.310000,8.270000,8.310000,6.156330,3600
2015-07-29,8.060000,8.060000,8.060000,8.060000,5.971121,100
2015-07-30,8.060000,8.150000,8.060000,8.150000,6.037796,1700
2015-07-31,8.150000,8.150000,8.150000,8.150000,6.037796,100
2015-08-03,8.050000,8.060000,7.900000,8.050000,5.963712,1400
2015-08-04,8.040000,8.040000,8.040000,8.040000,5.956304,100
2015-08-05,8.040000,8.040000,8.040000,8.040000,5.956304,0
2015-08-06,8.090000,8.090000,8.080000,8.080000,5.985937,200
2015-08-07,8.070000,8.070000,8.070000,8.070000,5.978529,100
2015-08-10,8.030000,8.040000,8.030000,8.040000,5.956304,200
2015-08-11,8.040000,8.040000,8.040000,8.040000,5.956304,0
2015-08-12,7.870000,8.050000,7.870000,8.050000,5.963712,600
2015-08-13,8.070000,8.070000,8.070000,8.070000,5.978529,200
2015-08-14,7.770000,7.830000,7.770000,7.830000,5.800729,900
2015-08-17,7.830000,7.830000,7.830000,7.830000,5.800729,0
2015-08-18,7.830000,7.830000,7.830000,7.830000,5.800729,0
2015-08-19,8.090000,8.090000,7.880000,7.930000,5.874812,1300
2015-08-20,8.090000,8.090000,7.930000,7.930000,5.874812,500
2015-08-21,8.070000,8.070000,7.880000,7.880000,5.837771,400
2015-08-24,7.570000,7.800000,7.570000,7.800000,5.778504,2500
2015-08-25,7.850000,8.050000,7.850000,8.050000,5.963712,3000
2015-08-26,8.000000,8.000000,8.000000,8.000000,5.926671,500
2015-08-27,8.000000,8.000000,8.000000,8.000000,5.926671,0
2015-08-28,8.000000,8.000000,8.000000,8.000000,5.926671,0
2015-08-31,8.070000,8.090000,8.070000,8.090000,5.993347,600
2015-09-01,8.010000,8.010000,7.930000,7.950000,5.889629,2100
2015-09-02,7.950000,7.950000,7.950000,7.950000,5.889629,0
2015-09-03,7.760000,7.760000,7.760000,7.760000,5.748871,100
2015-09-04,7.750000,7.750000,7.750000,7.750000,5.741462,2600
2015-09-08,7.750000,7.750000,7.750000,7.750000,5.741462,0
2015-09-09,8.000000,8.000000,8.000000,8.000000,5.926671,400
2015-09-10,8.000000,8.000000,8.000000,8.000000,5.926671,0
2015-09-11,7.420000,7.750000,7.410000,7.660000,5.674787,3000
2015-09-14,7.660000,7.660000,7.660000,7.660000,5.674787,0
2015-09-15,7.660000,7.660000,7.660000,7.660000,5.674787,0
2015-09-16,7.660000,7.660000,7.660000,7.660000,5.674787,0
2015-09-17,7.660000,7.660000,7.660000,7.660000,5.674787,0
2015-09-18,7.660000,7.660000,7.660000,7.660000,5.674787,0
2015-09-21,7.660000,7.660000,7.660000,7.660000,5.674787,0
2015-09-22,7.630000,7.700000,7.630000,7.700000,5.704421,2600
2015-09-23,7.710000,7.710000,7.710000,7.710000,5.711828,100
2015-09-24,7.710000,7.710000,7.600000,7.700000,5.704421,6800
2015-09-25,7.700000,7.700000,7.700000,7.700000,5.704421,0
2015-09-28,7.780000,7.780000,7.780000,7.780000,5.763688,400
2015-09-29,7.780000,7.780000,7.780000,7.780000,5.763688,0
2015-09-30,7.780000,8.150000,7.700000,7.700000,5.704421,9500
2015-10-01,7.700000,7.700000,7.700000,7.700000,5.704421,0
2015-10-02,7.650000,7.700000,7.020000,7.700000,5.704421,11700
2015-10-05,7.700000,7.700000,7.700000,7.700000,5.704421,0
2015-10-06,7.660000,7.680000,7.610000,7.670000,5.682196,2500
2015-10-07,7.700000,7.700000,7.700000,7.700000,5.704421,1700
2015-10-08,7.700000,7.700000,7.700000,7.700000,5.704421,1900
2015-10-09,7.700000,7.700000,7.700000,7.700000,5.704421,0
2015-10-12,7.690000,7.790000,7.690000,7.790000,5.771096,400
2015-10-13,7.790000,7.790000,7.790000,7.790000,5.771096,0
2015-10-14,7.790000,7.790000,7.790000,7.790000,5.771096,0
2015-10-15,7.800000,7.800000,7.720000,7.720000,5.719237,1200
2015-10-16,7.700000,7.700000,7.700000,7.700000,5.704421,100
2015-10-19,7.660000,7.900000,7.660000,7.900000,5.852587,2000
2015-10-20,7.670000,7.750000,7.560000,7.750000,5.741462,2000
2015-10-21,7.760000,7.760000,7.640000,7.640000,5.659970,500
2015-10-22,7.740000,7.820000,7.740000,7.820000,5.793321,2700
2015-10-23,7.750000,7.750000,7.730000,7.740000,5.734054,1200
2015-10-26,7.700000,7.820000,7.700000,7.820000,5.793321,3900
2015-10-27,7.830000,7.830000,7.580000,7.580000,5.615520,1600
2015-10-28,7.580000,7.580000,7.580000,7.580000,5.615520,0
2015-10-29,7.570000,7.570000,7.570000,7.570000,5.608112,800
2015-10-30,7.640000,7.640000,7.580000,7.580000,5.615520,400
2015-11-02,7.650000,7.890000,7.570000,7.890000,5.845179,1300
2015-11-03,7.820000,7.820000,7.820000,7.820000,5.793321,300
2015-11-04,7.820000,7.820000,7.820000,7.820000,5.793321,0
2015-11-05,7.950000,7.950000,7.890000,7.890000,5.845179,1600
2015-11-06,7.780000,7.780000,7.780000,7.780000,5.763688,100
2015-11-09,7.820000,7.820000,7.820000,7.820000,5.793321,200
2015-11-10,7.820000,7.820000,7.820000,7.820000,5.793321,0
2015-11-11,7.870000,7.870000,7.830000,7.830000,5.800729,2800
2015-11-12,7.830000,7.830000,7.830000,7.830000,5.800729,300
2015-11-13,7.830000,7.830000,7.810000,7.810000,5.785913,1000
2015-11-16,7.790000,7.800000,7.790000,7.800000,5.778504,700
2015-11-17,7.560000,7.560000,7.560000,7.560000,5.600704,300
2015-11-18,7.560000,7.560000,7.560000,7.560000,5.600704,0
2015-11-19,7.070000,7.520000,7.070000,7.220000,5.727633,1500
2015-11-20,7.280000,7.280000,7.280000,7.280000,5.775230,200
2015-11-23,7.280000,7.280000,7.280000,7.280000,5.775230,0
2015-11-24,7.280000,7.400000,7.270000,7.370000,5.846627,2600
2015-11-25,7.370000,7.370000,7.370000,7.370000,5.846627,0
2015-11-27,7.370000,7.370000,7.370000,7.370000,5.846627,0
2015-11-30,7.370000,7.370000,7.370000,7.370000,5.846627,0
2015-12-01,7.400000,7.410000,7.390000,7.390000,5.862493,400
2015-12-02,7.390000,7.390000,7.390000,7.390000,5.862493,0
2015-12-03,7.340000,7.340000,7.340000,7.340000,5.822829,300
2015-12-04,7.350000,7.350000,7.350000,7.350000,5.830760,2100
2015-12-07,7.350000,7.350000,7.350000,7.350000,5.830760,200
2015-12-08,7.340000,7.340000,7.140000,7.140000,5.664167,2900
2015-12-09,7.140000,7.140000,7.140000,7.140000,5.664167,0
2015-12-10,7.350000,7.350000,7.350000,7.350000,5.830760,700
2015-12-11,7.120000,7.120000,6.780000,7.070000,5.608637,14700
2015-12-14,7.090000,7.090000,7.090000,7.090000,5.624503,400
2015-12-15,7.090000,7.090000,7.090000,7.090000,5.624503,300
2015-12-16,7.190000,7.230000,7.040000,7.230000,5.735565,1800
2015-12-17,7.230000,7.230000,7.230000,7.230000,5.735565,0
2015-12-18,7.150000,7.200000,7.040000,7.200000,5.711766,11600
2015-12-21,7.170000,7.250000,7.170000,7.250000,5.751431,2400
2015-12-22,6.920000,7.210000,6.920000,7.210000,5.719698,3600
2015-12-23,7.210000,7.210000,7.210000,7.210000,5.719698,0
2015-12-24,7.390000,7.390000,7.390000,7.390000,5.862493,100
2015-12-28,8.000000,8.000000,7.600000,7.670000,6.084617,6500
2015-12-29,7.680000,7.900000,7.460000,7.900000,6.267076,1500
2015-12-30,7.590000,7.590000,7.590000,7.590000,6.021153,100
2015-12-31,7.590000,7.590000,7.590000,7.590000,6.021153,0
2016-01-04,7.450000,7.460000,7.450000,7.460000,5.918024,700
2016-01-05,7.510000,7.510000,7.510000,7.510000,5.957690,500
2016-01-06,7.340000,7.340000,7.290000,7.300000,5.791096,2400
2016-01-07,7.300000,7.300000,7.300000,7.300000,5.791096,0
2016-01-08,7.000000,7.130000,7.000000,7.130000,5.656235,2800
2016-01-11,7.050000,7.130000,6.930000,6.930000,5.497575,3500
2016-01-12,7.060000,7.060000,7.020000,7.030000,5.576905,1500
2016-01-13,6.980000,6.980000,6.980000,6.980000,5.537240,900
2016-01-14,6.410000,6.990000,6.410000,6.990000,5.545173,3000
2016-01-15,6.990000,6.990000,6.990000,6.990000,5.545173,0
2016-01-19,6.630000,6.880000,6.630000,6.870000,5.449977,1900
2016-01-20,6.580000,6.580000,6.580000,6.580000,5.219919,1100
2016-01-21,6.560000,6.560000,6.560000,6.560000,5.204053,300
2016-01-22,6.560000,6.560000,6.560000,6.560000,5.204053,0
2016-01-25,6.560000,6.560000,6.560000,6.560000,5.204053,0
2016-01-26,6.780000,6.890000,6.780000,6.890000,5.465843,1300
2016-01-27,6.870000,6.880000,6.870000,6.870000,5.449977,1000
2016-01-28,7.100000,7.650000,7.100000,7.650000,6.068751,3300
2016-01-29,7.650000,7.650000,7.650000,7.650000,6.068751,0
2016-02-01,7.100000,7.310000,7.100000,7.310000,5.799029,1300
2016-02-02,7.310000,7.310000,7.260000,7.260000,5.759364,4600
2016-02-03,7.210000,7.210000,7.160000,7.160000,5.680034,8100
2016-02-04,7.160000,7.240000,7.160000,7.240000,5.743498,4200
2016-02-05,7.250000,7.250000,7.250000,7.250000,5.751431,100
2016-02-08,7.110000,7.130000,7.030000,7.030000,5.576905,1900
2016-02-09,7.030000,7.030000,7.030000,7.030000,5.576905,0
2016-02-10,7.030000,7.030000,7.030000,7.030000,5.576905,0
2016-02-11,7.030000,7.030000,7.030000,7.030000,5.576905,0
2016-02-12,7.030000,7.030000,7.030000,7.030000,5.576905,0
2016-02-16,7.100000,7.100000,7.100000,7.100000,5.632436,200
2016-02-17,7.100000,7.100000,7.100000,7.100000,5.632436,0
2016-02-18,7.500000,7.760000,7.500000,7.700000,6.108416,2200
2016-02-19,7.610000,7.610000,7.610000,7.610000,6.037019,200
2016-02-22,7.610000,7.610000,7.610000,7.610000,6.037019,0
2016-02-23,7.790000,7.880000,7.670000,7.670000,6.084617,6700
2016-02-24,7.900000,7.900000,7.720000,7.860000,6.235345,5600
2016-02-25,7.860000,7.860000,7.860000,7.860000,6.235345,0
2016-02-26,7.750000,7.750000,7.610000,7.610000,6.037019,800
2016-02-29,7.610000,7.610000,7.610000,7.610000,6.037019,0
2016-03-01,7.580000,7.700000,7.580000,7.700000,6.108416,500
2016-03-02,7.900000,7.980000,7.610000,7.980000,6.330541,3300
2016-03-03,7.890000,7.980000,7.870000,7.880000,6.251210,2400
2016-03-04,7.720000,7.720000,7.720000,7.720000,6.124282,500
2016-03-07,7.720000,7.720000,7.720000,7.720000,6.124282,0
2016-03-08,7.590000,7.590000,7.590000,7.590000,6.021153,800
2016-03-09,7.610000,7.740000,7.610000,7.740000,6.140148,3200
2016-03-10,7.730000,7.730000,7.570000,7.570000,6.005288,500
2016-03-11,7.570000,7.570000,7.570000,7.570000,6.005288,0
2016-03-14,7.570000,7.570000,7.570000,7.570000,6.005288,0
2016-03-15,7.570000,7.570000,7.570000,7.570000,6.005288,0
2016-03-16,7.730000,7.730000,7.730000,7.730000,6.132215,200
2016-03-17,7.740000,7.740000,7.740000,7.740000,6.140148,1000
2016-03-18,7.710000,7.710000,7.710000,7.710000,6.116349,100
2016-03-21,7.710000,7.710000,7.710000,7.710000,6.116349,0
2016-03-22,7.740000,7.740000,7.740000,7.740000,6.140148,400
2016-03-23,7.740000,7.740000,7.740000,7.740000,6.140148,0
2016-03-24,7.730000,7.980000,7.730000,7.980000,6.330541,8300
2016-03-28,7.360000,7.960000,7.360000,7.890000,6.259143,10600
2016-03-29,7.590000,7.950000,7.550000,7.600000,6.029087,5100
2016-03-30,7.980000,7.980000,7.700000,7.900000,6.267076,1900
2016-03-31,7.900000,7.900000,7.900000,7.900000,6.267076,0
2016-04-01,7.960000,7.980000,7.960000,7.970000,6.322608,2400
2016-04-04,7.630000,8.130000,7.620000,7.900000,6.267076,9300
2016-04-05,7.740000,7.780000,7.740000,7.780000,6.171881,1300
2016-04-06,7.500000,7.730000,7.500000,7.730000,6.132215,1600
2016-04-07,7.520000,7.520000,7.520000,7.520000,5.965622,200
2016-04-08,7.620000,7.830000,7.520000,7.580000,6.013220,3300
2016-04-11,7.750000,7.750000,7.730000,7.730000,6.132215,3000
2016-04-12,7.730000,7.730000,7.730000,7.730000,6.132215,0
2016-04-13,7.630000,7.630000,7.600000,7.620000,6.044952,600
2016-04-14,7.620000,7.620000,7.620000,7.620000,6.044952,0
2016-04-15,7.710000,8.000000,7.640000,7.760000,6.156014,9200
2016-04-18,7.810000,7.810000,7.780000,7.780000,6.171881,1900
2016-04-19,7.700000,8.080000,7.510000,7.850000,6.227411,2500
2016-04-20,7.850000,7.850000,7.850000,7.850000,6.227411,0
2016-04-21,7.780000,8.000000,7.610000,8.000000,6.346406,24200
2016-04-22,7.870000,7.870000,7.630000,7.630000,6.052886,4100
2016-04-25,7.680000,8.000000,7.680000,8.000000,6.346406,8800
2016-04-26,7.720000,8.020000,7.720000,8.000000,6.346406,10500
2016-04-27,8.150000,8.150000,8.100000,8.100000,6.425737,1300
2016-04-28,8.200000,8.200000,8.170000,8.170000,6.481267,3100
2016-04-29,8.170000,8.170000,8.170000,8.170000,6.481267,0
2016-05-02,8.100000,8.150000,8.080000,8.150000,6.465401,800
2016-05-03,8.200000,8.200000,8.030000,8.100000,6.425737,1100
2016-05-04,8.180000,8.180000,8.100000,8.100000,6.425737,1100
2016-05-05,8.130000,8.200000,8.130000,8.200000,6.505067,3100
2016-05-06,8.200000,8.890000,8.190000,8.550000,6.782722,16200
2016-05-09,8.550000,8.840000,8.540000,8.720000,6.917583,12400
2016-05-10,8.460000,8.700000,8.430000,8.700000,6.901717,7900
2016-05-11,8.840000,9.540000,8.500000,8.500000,6.743057,18200
2016-05-12,8.500000,8.700000,8.470000,8.520000,6.758923,14400
2016-05-13,8.800000,9.000000,8.600000,9.000000,7.139707,32100
2016-05-16,9.000000,10.200000,8.700000,9.000000,7.139707,36100
2016-05-17,8.800000,8.950000,8.580000,8.950000,7.100042,6800
2016-05-18,8.730000,8.730000,8.210000,8.210000,6.513000,3400
2016-05-19,8.510000,8.510000,8.020000,8.470000,6.719258,3000
2016-05-20,9.250000,9.350000,8.680000,8.700000,6.901717,10100
2016-05-23,9.110000,9.110000,8.300000,8.910000,7.068310,19200
2016-05-24,8.680000,8.980000,8.420000,8.700000,6.901717,29400
2016-05-25,8.650000,8.940000,8.650000,8.840000,7.012780,2100
2016-05-26,8.400000,8.450000,8.370000,8.380000,6.647861,1600
2016-05-27,8.290000,8.310000,8.290000,8.310000,6.592330,300
2016-05-31,8.280000,8.280000,8.150000,8.150000,6.465401,3000
2016-06-01,8.240000,8.240000,8.220000,8.240000,6.536798,1200
2016-06-02,8.470000,8.470000,8.150000,8.460000,6.711326,3200
2016-06-03,8.230000,8.230000,8.070000,8.070000,6.401937,1600
2016-06-06,8.060000,8.140000,8.060000,8.140000,6.457469,900
2016-06-07,8.200000,8.200000,8.150000,8.150000,6.465401,200
2016-06-08,8.140000,8.320000,8.140000,8.240000,6.536798,1100
2016-06-09,8.250000,8.370000,8.170000,8.170000,6.481267,5300
2016-06-10,8.170000,8.170000,8.170000,8.170000,6.481267,0
2016-06-13,8.120000,8.280000,8.090000,8.090000,6.417804,8700
2016-06-14,8.090000,8.260000,8.090000,8.160000,6.473335,3000
2016-06-15,8.300000,8.420000,8.280000,8.420000,6.679593,1600
2016-06-16,8.150000,8.190000,8.000000,8.000000,6.346406,4600
2016-06-17,8.000000,8.000000,7.960000,7.960000,6.314674,800
2016-06-20,8.050000,8.070000,8.010000,8.010000,6.354340,500
2016-06-21,8.000000,8.680000,7.770000,8.060000,6.394005,9700
2016-06-22,8.150000,8.150000,7.970000,7.980000,6.330541,9200
2016-06-23,7.820000,7.820000,7.820000,7.820000,6.203613,500
2016-06-24,7.700000,7.750000,7.640000,7.640000,6.060818,4700
2016-06-27,7.550000,7.630000,7.550000,7.630000,6.052886,2400
2016-06-28,7.630000,7.630000,7.630000,7.630000,6.052886,0
2016-06-29,7.840000,7.930000,7.820000,7.930000,6.290876,3900
2016-06-30,7.820000,8.000000,7.760000,7.760000,6.156014,3200
2016-07-01,7.930000,8.000000,7.860000,7.930000,6.290876,1900
2016-07-05,7.730000,7.850000,7.730000,7.850000,6.227411,800
2016-07-06,7.800000,7.810000,7.800000,7.810000,6.195680,400
2016-07-07,7.980000,7.990000,7.980000,7.990000,6.338473,500
2016-07-08,7.990000,7.990000,7.990000,7.990000,6.338473,0
2016-07-11,8.100000,8.430000,7.980000,8.180000,6.489201,18500
2016-07-12,8.000000,8.070000,8.000000,8.070000,6.401937,1300
2016-07-13,8.000000,8.000000,7.910000,7.960000,6.314674,400
2016-07-14,7.600000,8.000000,7.600000,7.990000,6.338473,2400
2016-07-15,7.950000,7.950000,7.890000,7.890000,6.259143,1500
2016-07-18,7.950000,8.000000,7.950000,8.000000,6.346406,200
2016-07-19,7.980000,8.000000,7.950000,7.950000,6.306741,8700
2016-07-20,8.150000,8.180000,7.980000,8.020000,6.362273,13300
2016-07-21,7.940000,7.950000,7.870000,7.870000,6.243278,1400
2016-07-22,7.870000,7.870000,7.870000,7.870000,6.243278,0
2016-07-25,7.920000,7.920000,7.910000,7.910000,6.275010,1300
2016-07-26,7.940000,7.950000,7.870000,7.950000,6.306741,1900
2016-07-27,7.950000,7.990000,7.870000,7.990000,6.338473,5800
2016-07-28,7.990000,7.990000,7.990000,7.990000,6.338473,0
2016-07-29,7.960000,8.100000,7.940000,7.990000,6.338473,12400
2016-08-01,8.030000,8.090000,8.000000,8.090000,6.417804,2800
2016-08-02,7.940000,7.940000,7.940000,7.940000,6.298809,100
2016-08-03,7.940000,7.940000,7.940000,7.940000,6.298809,0
2016-08-04,7.940000,7.940000,7.940000,7.940000,6.298809,0
2016-08-05,7.940000,7.940000,7.940000,7.940000,6.298809,600
2016-08-08,8.140000,8.180000,7.960000,8.160000,6.473335,6600
2016-08-09,8.070000,8.100000,8.040000,8.100000,6.425737,2500
2016-08-10,8.100000,8.100000,8.040000,8.040000,6.378139,600
2016-08-11,8.040000,8.040000,8.040000,8.040000,6.378139,0
2016-08-12,8.050000,8.050000,8.050000,8.050000,6.386072,600
2016-08-15,8.050000,8.140000,8.050000,8.130000,6.449536,2500
2016-08-16,8.060000,8.080000,8.060000,8.080000,6.409871,600
2016-08-17,8.080000,8.080000,8.080000,8.080000,6.409871,0
2016-08-18,8.020000,8.030000,8.010000,8.030000,6.370205,3200
2016-08-19,7.970000,7.970000,7.960000,7.960000,6.314674,8200
2016-08-22,7.920000,7.920000,7.920000,7.920000,6.282942,3000
2016-08-23,7.920000,7.990000,7.920000,7.920000,6.282942,3200
2016-08-24,7.950000,7.950000,7.900000,7.900000,6.267076,2300
2016-08-25,7.880000,7.900000,7.880000,7.900000,6.267076,500
2016-08-26,7.940000,8.000000,7.500000,7.980000,6.330541,44400
2016-08-29,7.940000,8.460000,7.930000,8.080000,6.409871,39800
2016-08-30,8.100000,8.100000,8.010000,8.020000,6.362273,1400
2016-08-31,7.960000,8.090000,7.960000,8.020000,6.362273,10100
2016-09-01,8.070000,8.080000,8.020000,8.080000,6.409871,500
2016-09-02,8.040000,8.120000,7.990000,8.120000,6.441603,2100
2016-09-06,8.110000,8.150000,8.110000,8.150000,6.465401,2700
2016-09-07,8.120000,8.160000,8.070000,8.120000,6.441603,2200
2016-09-08,8.110000,8.150000,7.990000,8.130000,6.449536,5800
2016-09-09,8.130000,8.130000,8.130000,8.130000,6.449536,0
2016-09-12,7.910000,8.070000,7.900000,8.030000,6.370205,7300
2016-09-13,8.080000,8.080000,7.900000,7.930000,6.290876,3000
2016-09-14,7.950000,8.000000,7.900000,7.900000,6.267076,2300
2016-09-15,8.100000,8.100000,8.050000,8.050000,6.386072,400
2016-09-16,7.930000,7.960000,7.930000,7.960000,6.314674,1000
2016-09-19,7.960000,7.960000,7.960000,7.960000,6.314674,0
2016-09-20,8.020000,8.040000,7.820000,7.820000,6.203613,700
2016-09-21,7.820000,7.820000,7.820000,7.820000,6.203613,0
2016-09-22,7.910000,8.010000,7.910000,8.010000,6.354340,1500
2016-09-23,8.010000,8.010000,8.010000,8.010000,6.354340,0
2016-09-26,8.010000,8.010000,8.010000,8.010000,6.354340,0
2016-09-27,8.010000,8.010000,8.010000,8.010000,6.354340,0
2016-09-28,8.010000,8.010000,8.010000,8.010000,6.354340,0
2016-09-29,8.010000,8.010000,8.010000,8.010000,6.354340,0
2016-09-30,7.950000,7.950000,7.890000,7.890000,6.259143,1400
2016-10-03,7.970000,8.010000,7.970000,8.010000,6.354340,1400
2016-10-04,8.010000,8.010000,8.010000,8.010000,6.354340,0
2016-10-05,7.990000,7.990000,7.980000,7.990000,6.338473,1600
2016-10-06,7.960000,7.990000,7.800000,7.800000,6.187747,5500
2016-10-07,7.800000,7.800000,7.800000,7.800000,6.187747,0
2016-10-10,7.800000,7.800000,7.800000,7.800000,6.187747,0
2016-10-11,7.850000,8.170000,7.850000,8.150000,6.465401,2200
2016-10-12,8.150000,8.150000,8.050000,8.080000,6.409871,10800
2016-10-13,7.830000,7.900000,7.830000,7.900000,6.267076,1700
2016-10-14,7.860000,7.940000,7.850000,7.940000,6.298809,2900
2016-10-17,7.940000,7.940000,7.940000,7.940000,6.298809,0
2016-10-18,7.800000,7.800000,7.740000,7.740000,6.140148,4400
2016-10-19,7.810000,7.900000,7.760000,7.810000,6.195680,5700
2016-10-20,7.740000,7.750000,7.700000,7.750000,6.148082,6200
2016-10-21,7.750000,7.750000,7.750000,7.750000,6.148082,400
2016-10-24,7.780000,7.900000,7.780000,7.810000,6.195680,6000
2016-10-25,8.030000,8.030000,7.900000,7.900000,6.267076,1700
2016-10-26,7.650000,7.790000,7.650000,7.790000,6.179813,1700
2016-10-27,7.600000,7.760000,7.600000,7.630000,6.052886,5600
2016-10-28,7.700000,7.750000,7.700000,7.750000,6.148082,1200
2016-10-31,7.680000,7.740000,7.680000,7.710000,6.116349,1600
2016-11-01,7.650000,7.670000,7.650000,7.670000,6.084617,700
2016-11-02,7.700000,7.830000,7.690000,7.820000,6.203613,2500
2016-11-03,7.800000,7.830000,7.740000,7.750000,6.148082,2000
2016-11-04,7.710000,7.710000,7.710000,7.710000,6.116349,300
2016-11-07,7.790000,8.080000,7.790000,7.830000,6.211545,10900
2016-11-08,7.990000,8.010000,7.910000,7.930000,6.290876,12300
2016-11-09,7.940000,8.130000,7.940000,8.020000,6.362273,6200
2016-11-10,8.070000,8.650000,8.070000,8.400000,6.663727,95500
2016-11-11,8.850000,8.850000,8.520000,8.560000,6.790656,11800
2016-11-14,8.900000,8.900000,8.100000,8.680000,6.885852,67900
2016-11-15,8.430000,8.790000,8.410000,8.430000,6.687526,24500
2016-11-16,8.290000,8.730000,8.280000,8.730000,6.925516,20500
2016-11-17,8.760000,8.770000,8.650000,8.700000,6.901717,7000
2016-11-18,8.720000,9.230000,8.500000,8.830000,7.004846,97000
2016-11-21,7.640000,7.840000,7.050000,7.400000,5.945844,13200
2016-11-22,7.310000,7.650000,7.310000,7.460000,5.994053,10600
2016-11-23,7.580000,8.090000,7.530000,7.770000,6.243135,33000
2016-11-25,7.840000,7.840000,7.430000,7.430000,5.969948,8500
2016-11-28,7.570000,7.750000,7.490000,7.600000,6.106542,15600
2016-11-29,7.600000,7.800000,7.320000,7.360000,5.913704,16600
2016-11-30,7.250000,7.670000,7.250000,7.450000,5.986018,7000
2016-12-01,7.640000,7.660000,7.280000,7.630000,6.130647,19600
2016-12-02,7.600000,7.810000,7.520000,7.810000,6.275276,22500
2016-12-05,7.810000,7.900000,7.720000,7.900000,6.347589,4400
2016-12-06,7.600000,7.830000,7.600000,7.700000,6.186891,6700
2016-12-07,7.760000,7.760000,7.720000,7.720000,6.202961,400
2016-12-08,7.620000,8.230000,7.470000,7.690000,6.178856,46800
2016-12-09,7.650000,7.850000,7.580000,7.580000,6.090472,22200
2016-12-12,7.530000,7.720000,7.440000,7.440000,5.977983,5300
2016-12-13,7.770000,7.770000,7.660000,7.730000,6.210995,3800
2016-12-14,7.620000,7.850000,7.510000,7.510000,6.034228,30000
2016-12-15,7.650000,7.740000,7.600000,7.600000,6.106542,5500
2016-12-16,7.620000,7.670000,7.480000,7.480000,6.010123,8600
2016-12-19,7.620000,7.900000,7.520000,7.520000,6.042262,28500
2016-12-20,7.560000,7.850000,7.490000,7.850000,6.307415,16300
2016-12-21,7.700000,7.700000,7.540000,7.600000,6.106542,5000
2016-12-22,7.640000,8.150000,7.640000,7.840000,6.299380,17200
2016-12-23,7.880000,7.900000,7.800000,7.840000,6.299380,5700
2016-12-27,7.810000,7.810000,7.610000,7.700000,6.186891,8000
2016-12-28,7.840000,8.130000,7.120000,7.270000,5.841389,62400
2016-12-29,7.280000,7.550000,7.050000,7.410000,5.953878,31700
2016-12-30,7.320000,7.390000,7.200000,7.350000,5.905668,33000
2017-01-03,7.450000,7.640000,7.360000,7.470000,6.002088,12600
2017-01-04,7.560000,7.560000,7.410000,7.410000,5.953878,5400
2017-01-05,7.260000,7.380000,7.260000,7.340000,5.897635,7400
2017-01-06,7.410000,7.420000,7.280000,7.300000,5.865494,12100
2017-01-09,7.350000,7.430000,7.310000,7.400000,5.945844,4200
2017-01-10,7.390000,7.430000,7.290000,7.350000,5.905668,17000
2017-01-11,7.350000,7.360000,7.310000,7.310000,5.873529,1200
2017-01-12,7.280000,7.280000,6.910000,7.150000,5.744970,28500
2017-01-13,7.170000,7.220000,7.170000,7.220000,5.801215,400
2017-01-17,7.160000,7.240000,7.080000,7.100000,5.704796,22700
2017-01-18,7.110000,7.190000,7.100000,7.140000,5.736935,7900
2017-01-19,7.170000,7.250000,7.140000,7.190000,5.777110,3300
2017-01-20,7.230000,7.240000,7.110000,7.210000,5.793180,5900
2017-01-23,7.200000,7.200000,7.100000,7.100000,5.704796,1600
2017-01-24,7.170000,7.170000,7.170000,7.170000,5.761040,200
2017-01-25,7.150000,7.290000,7.150000,7.290000,5.857459,28700
2017-01-26,7.240000,7.330000,7.230000,7.310000,5.873529,4300
2017-01-27,7.490000,7.500000,7.270000,7.330000,5.889599,4200
2017-01-30,7.360000,7.360000,7.250000,7.260000,5.833354,2700
2017-01-31,7.270000,7.270000,7.270000,7.270000,5.841389,100
2017-02-01,7.320000,7.360000,7.280000,7.350000,5.905668,10100
2017-02-02,7.360000,7.530000,7.350000,7.500000,6.026192,4000
2017-02-03,7.510000,7.510000,7.450000,7.480000,6.010123,5100
2017-02-06,7.400000,7.400000,7.350000,7.360000,5.913704,6800
2017-02-07,7.320000,7.360000,7.320000,7.330000,5.889599,400
2017-02-08,7.310000,7.320000,7.220000,7.320000,5.881564,6800
2017-02-09,7.340000,7.340000,7.210000,7.310000,5.873529,3900
2017-02-10,7.270000,7.310000,7.270000,7.280000,5.849425,1800
2017-02-13,7.210000,7.280000,7.210000,7.260000,5.833354,11100
2017-02-14,7.250000,7.400000,7.220000,7.400000,5.945844,6100
2017-02-15,7.340000,7.480000,7.300000,7.450000,5.986018,9300
2017-02-16,7.360000,7.360000,7.360000,7.360000,5.913704,500
2017-02-17,7.370000,7.450000,7.220000,7.340000,5.897635,6900
2017-02-21,7.410000,7.420000,7.240000,7.340000,5.897635,3300
2017-02-22,7.300000,7.350000,7.280000,7.340000,5.897635,3200
2017-02-23,7.340000,7.340000,7.260000,7.270000,5.841389,500
2017-02-24,7.250000,7.320000,7.250000,7.320000,5.881564,5100
2017-02-27,7.260000,7.260000,7.170000,7.210000,5.793180,9200
2017-02-28,7.230000,7.260000,7.200000,7.260000,5.833354,6500
2017-03-01,7.290000,7.350000,7.290000,7.350000,5.905668,4700
2017-03-02,7.320000,7.350000,7.280000,7.330000,5.889599,3200
2017-03-03,7.320000,7.380000,7.290000,7.290000,5.857459,11900
2017-03-06,7.170000,7.250000,7.110000,7.130000,5.728901,9100
2017-03-07,7.090000,7.100000,6.950000,6.960000,5.592307,37300
2017-03-08,7.290000,7.290000,7.070000,7.180000,5.769075,11100
2017-03-09,7.050000,7.220000,7.050000,7.220000,5.801215,3000
2017-03-10,7.200000,7.310000,7.200000,7.310000,5.873529,3800
2017-03-13,7.260000,7.380000,7.260000,7.310000,5.873529,6500
2017-03-14,7.310000,7.390000,7.310000,7.350000,5.905668,8900
2017-03-15,7.080000,7.410000,7.080000,7.290000,5.857459,6600
2017-03-16,7.290000,7.290000,7.290000,7.290000,5.857459,0
2017-03-17,7.380000,7.380000,7.140000,7.220000,5.801215,2600
2017-03-20,7.220000,7.320000,7.220000,7.320000,5.881564,800
2017-03-21,7.350000,7.350000,7.230000,7.260000,5.833354,17700
2017-03-22,7.220000,7.270000,7.200000,7.270000,5.841389,19900
2017-03-23,7.300000,7.380000,7.240000,7.380000,5.929773,12300
2017-03-24,7.300000,7.300000,7.300000,7.300000,5.865494,3300
2017-03-27,7.160000,7.350000,7.160000,7.350000,5.905668,6000
2017-03-28,7.280000,7.310000,7.260000,7.310000,5.873529,4300
2017-03-29,7.300000,7.310000,7.290000,7.310000,5.873529,2700
2017-03-30,7.270000,7.380000,7.260000,7.300000,5.865494,6500
2017-03-31,7.170000,7.370000,7.170000,7.370000,5.921739,20100
2017-04-03,7.380000,7.380000,7.360000,7.380000,5.929773,4400
2017-04-04,7.380000,7.380000,7.350000,7.380000,5.929773,2600
2017-04-05,7.380000,7.380000,7.360000,7.360000,5.913704,10700
2017-04-06,7.350000,7.420000,7.350000,7.410000,5.953878,7500
2017-04-07,7.390000,7.390000,7.380000,7.380000,5.929773,1200
2017-04-10,7.480000,7.480000,7.390000,7.480000,6.010123,8700
2017-04-11,7.440000,7.440000,7.410000,7.410000,5.953878,1800
2017-04-12,7.320000,7.450000,7.310000,7.450000,5.986018,12700
2017-04-13,7.440000,7.520000,7.440000,7.500000,6.026192,3000
2017-04-17,7.360000,7.450000,7.340000,7.430000,5.969948,38800
2017-04-18,7.350000,7.500000,7.340000,7.470000,6.002088,6800
2017-04-19,7.470000,7.480000,7.460000,7.480000,6.010123,3000
2017-04-20,7.470000,7.500000,7.310000,7.470000,6.002088,20800
2017-04-21,7.420000,7.520000,7.410000,7.500000,6.026192,1800
2017-04-24,7.480000,7.550000,7.480000,7.520000,6.042262,3200
2017-04-25,7.560000,7.590000,7.560000,7.590000,6.098507,4200
2017-04-26,7.630000,7.800000,7.630000,7.670000,6.162786,4200
2017-04-27,7.700000,7.710000,7.630000,7.680000,6.170822,1800
2017-04-28,7.680000,7.700000,7.650000,7.670000,6.162786,2500
2017-05-01,7.690000,7.790000,7.650000,7.790000,6.259205,2900
2017-05-02,7.820000,7.930000,7.820000,7.830000,6.291345,4400
2017-05-03,7.760000,7.810000,7.650000,7.760000,6.235101,4200
2017-05-04,7.650000,7.920000,7.650000,7.750000,6.227066,1900
2017-05-05,7.630000,7.730000,7.530000,7.690000,6.178856,11000
2017-05-08,7.700000,7.700000,7.700000,7.700000,6.186891,200
2017-05-09,7.810000,7.810000,7.700000,7.710000,6.194926,2500
2017-05-10,7.620000,7.740000,7.540000,7.710000,6.194926,6300
2017-05-11,7.670000,7.740000,7.610000,7.610000,6.114576,8900
2017-05-12,7.630000,7.680000,7.630000,7.680000,6.170822,5900
2017-05-15,7.670000,7.710000,7.660000,7.710000,6.194926,2900
2017-05-16,7.720000,7.920000,7.720000,7.920000,6.363659,2700
2017-05-17,7.800000,7.800000,7.580000,7.580000,6.090472,7400
2017-05-18,7.610000,7.680000,7.580000,7.680000,6.170822,2800
2017-05-19,7.580000,7.580000,7.580000,7.580000,6.090472,3300
2017-05-22,7.580000,7.700000,7.580000,7.680000,6.170822,1400
2017-05-23,7.620000,7.630000,7.540000,7.550000,6.066367,6300
2017-05-24,7.550000,7.550000,7.540000,7.540000,6.058332,3700
2017-05-25,7.550000,7.580000,7.460000,7.580000,6.090472,12900
2017-05-26,7.610000,7.840000,7.600000,7.790000,6.259205,10400
2017-05-30,7.720000,7.730000,7.610000,7.730000,6.210995,2600
2017-05-31,7.670000,7.730000,7.470000,7.730000,6.210995,3100
2017-06-01,7.610000,7.840000,7.610000,7.810000,6.275276,4300
2017-06-02,7.810000,7.840000,7.800000,7.800000,6.267241,3700
2017-06-05,7.900000,7.900000,7.660000,7.800000,6.267241,8900
2017-06-06,7.720000,7.780000,7.700000,7.700000,6.186891,1200
2017-06-07,7.690000,7.800000,7.690000,7.760000,6.235101,3000
2017-06-08,7.720000,7.740000,7.710000,7.710000,6.194926,1800
2017-06-09,7.810000,7.810000,7.790000,7.790000,6.259205,3700
2017-06-12,7.780000,7.800000,7.780000,7.780000,6.251171,1500
2017-06-13,7.770000,7.810000,7.770000,7.810000,6.275276,500
2017-06-14,7.800000,7.900000,7.800000,7.810000,6.275276,9600
2017-06-15,7.780000,7.800000,7.780000,7.800000,6.267241,400
2017-06-16,7.820000,7.900000,7.820000,7.900000,6.347589,3700
2017-06-19,7.900000,7.900000,7.880000,7.900000,6.347589,900
2017-06-20,7.900000,7.920000,7.880000,7.910000,6.355625,6700
2017-06-21,7.920000,7.990000,7.920000,7.940000,6.379729,4800
2017-06-22,7.730000,7.990000,7.730000,7.960000,6.395799,4200
2017-06-23,7.930000,7.990000,7.900000,7.980000,6.411869,5800
2017-06-26,7.960000,7.960000,7.940000,7.940000,6.379729,1000
2017-06-27,7.950000,7.950000,7.900000,7.900000,6.347589,5300
2017-06-28,7.940000,7.940000,7.940000,7.940000,6.379729,100
2017-06-29,7.850000,7.850000,7.850000,7.850000,6.307415,200
2017-06-30,7.850000,7.850000,7.850000,7.850000,6.307415,0
2017-07-03,7.890000,7.900000,7.890000,7.900000,6.347589,700
2017-07-05,7.930000,7.930000,7.840000,7.840000,6.299380,4500
2017-07-06,7.860000,7.860000,7.400000,7.650000,6.146717,9900
2017-07-07,7.570000,7.780000,7.570000,7.780000,6.251171,10200
2017-07-10,7.780000,7.780000,7.760000,7.760000,6.235101,2100
2017-07-11,7.800000,7.820000,7.800000,7.810000,6.275276,3000
2017-07-12,7.820000,7.860000,7.820000,7.860000,6.315450,1000
2017-07-13,7.880000,7.880000,7.870000,7.880000,6.331520,2100
2017-07-14,7.960000,7.960000,7.780000,7.830000,6.291345,7700
2017-07-17,7.800000,7.820000,7.790000,7.820000,6.283310,4000
2017-07-18,7.790000,7.950000,7.790000,7.930000,6.371695,5400
2017-07-19,7.920000,7.950000,7.900000,7.940000,6.379729,2400
2017-07-20,7.950000,7.950000,7.910000,7.930000,6.371695,4300
2017-07-21,7.560000,7.960000,7.110000,7.950000,6.387764,7000
2017-07-24,7.950000,7.950000,7.890000,7.890000,6.339555,1400
2017-07-25,7.960000,7.960000,7.930000,7.930000,6.371695,1900
2017-07-26,7.950000,7.950000,7.930000,7.930000,6.371695,4000
2017-07-27,7.980000,8.000000,7.910000,7.990000,6.419903,4100
2017-07-28,7.990000,8.000000,7.990000,7.990000,6.419903,1100
2017-07-31,8.000000,8.000000,7.950000,7.950000,6.387764,600
2017-08-01,8.000000,8.360000,8.000000,8.200000,6.588637,8700
2017-08-02,8.300000,8.360000,7.990000,8.000000,6.427939,12100
2017-08-03,8.100000,8.280000,8.030000,8.050000,6.468113,3000
2017-08-04,8.320000,8.320000,8.010000,8.010000,6.435974,1300
2017-08-07,8.010000,8.010000,8.010000,8.010000,6.435974,200
2017-08-08,8.250000,8.250000,8.010000,8.010000,6.435974,1200
2017-08-09,7.990000,7.990000,7.920000,7.930000,6.371695,3100
2017-08-10,7.920000,7.920000,7.870000,7.870000,6.323485,1400
2017-08-11,7.790000,8.110000,7.790000,7.920000,6.363659,52300
2017-08-14,7.860000,7.920000,7.850000,7.920000,6.363659,3200
2017-08-15,7.920000,7.930000,7.910000,7.910000,6.355625,2600
2017-08-16,7.700000,7.930000,7.700000,7.930000,6.371695,5400
2017-08-17,7.880000,7.900000,7.880000,7.890000,6.339555,5200
2017-08-18,7.870000,8.000000,7.830000,7.860000,6.315450,9800
2017-08-21,7.780000,7.820000,7.510000,7.760000,6.235101,4800
2017-08-22,7.780000,7.800000,7.780000,7.800000,6.267241,1000
2017-08-23,7.780000,7.780000,7.780000,7.780000,6.251171,100
2017-08-24,7.700000,7.890000,7.700000,7.800000,6.267241,3600
2017-08-25,7.760000,7.810000,7.760000,7.800000,6.267241,4700
2017-08-28,7.800000,7.800000,7.800000,7.800000,6.267241,0
2017-08-29,7.800000,7.800000,7.800000,7.800000,6.267241,0
2017-08-30,7.820000,7.820000,7.700000,7.700000,6.186891,10200
2017-08-31,7.750000,7.760000,7.700000,7.760000,6.235101,3400
2017-09-01,7.750000,7.750000,7.750000,7.750000,6.227066,200
2017-09-05,7.750000,7.750000,7.750000,7.750000,6.227066,0
2017-09-06,7.550000,7.820000,7.550000,7.730000,6.210995,6900
2017-09-07,7.780000,7.810000,7.770000,7.800000,6.267241,3500
2017-09-08,7.790000,7.790000,7.790000,7.790000,6.259205,200
2017-09-11,7.860000,7.860000,7.790000,7.790000,6.259205,41600
2017-09-12,7.830000,7.850000,7.830000,7.850000,6.307415,4500
2017-09-13,7.850000,7.870000,7.850000,7.870000,6.323485,3300
2017-09-14,7.870000,7.870000,7.870000,7.870000,6.323485,0
2017-09-15,8.140000,8.140000,7.880000,7.880000,6.331520,200
2017-09-18,7.880000,7.950000,7.880000,7.950000,6.387764,9400
2017-09-19,7.860000,7.960000,7.860000,7.960000,6.395799,8500
2017-09-20,7.950000,7.990000,7.950000,7.980000,6.411869,1500
2017-09-21,7.930000,7.940000,7.810000,7.850000,6.307415,15800
2017-09-22,7.870000,7.910000,7.870000,7.900000,6.347589,6500
2017-09-25,7.690000,7.880000,7.690000,7.870000,6.323485,9200
2017-09-26,7.870000,7.870000,7.870000,7.870000,6.323485,0
2017-09-27,8.200000,8.200000,7.890000,7.910000,6.355625,1700
2017-09-28,7.940000,7.940000,7.910000,7.930000,6.371695,400
2017-09-29,7.770000,8.180000,7.770000,7.970000,6.403834,3100
2017-10-02,7.950000,8.040000,7.940000,8.000000,6.427939,7300
2017-10-03,7.990000,8.040000,7.990000,8.040000,6.460079,400
2017-10-04,8.050000,8.120000,8.000000,8.000000,6.427939,12400
2017-10-05,8.010000,8.040000,8.000000,8.030000,6.452044,1700
2017-10-06,8.590000,8.590000,8.070000,8.090000,6.500253,17800
2017-10-09,8.090000,8.090000,8.090000,8.090000,6.500253,0
2017-10-10,8.130000,8.590000,8.120000,8.250000,6.628812,6100
2017-10-11,8.270000,8.290000,8.270000,8.290000,6.660952,4600
2017-10-12,8.300000,8.360000,8.280000,8.360000,6.717196,2100
2017-10-13,8.230000,8.230000,8.230000,8.230000,6.612741,300
2017-10-16,8.320000,8.320000,8.280000,8.280000,6.652916,2600
2017-10-17,8.320000,8.320000,8.250000,8.300000,6.668986,8000
2017-10-18,8.150000,8.260000,8.150000,8.260000,6.636847,1400
2017-10-19,8.260000,8.260000,8.120000,8.160000,6.556498,4500
2017-10-20,8.200000,8.200000,8.170000,8.170000,6.564532,3100
2017-10-23,8.200000,8.200000,8.140000,8.140000,6.540428,4300
2017-10-24,8.140000,8.140000,8.140000,8.140000,6.540428,0
2017-10-25,8.200000,8.220000,8.170000,8.190000,6.580602,5400
2017-10-26,8.190000,8.190000,8.190000,8.190000,6.580602,0
2017-10-27,8.150000,8.250000,8.150000,8.250000,6.628812,400
2017-10-30,8.180000,8.200000,8.150000,8.200000,6.588637,400
2017-10-31,8.190000,8.210000,8.190000,8.210000,6.596673,700
2017-11-01,8.340000,8.340000,8.210000,8.210000,6.596673,5100
2017-11-02,8.170000,8.230000,8.170000,8.180000,6.572567,3100
2017-11-03,8.180000,8.180000,8.180000,8.180000,6.572567,0
2017-11-06,8.170000,8.170000,8.170000,8.170000,6.564532,300
2017-11-07,8.160000,8.180000,8.140000,8.140000,6.540428,4000
2017-11-08,8.160000,8.200000,8.160000,8.200000,6.588637,4500
2017-11-09,8.140000,8.150000,8.010000,8.040000,6.460079,13000
2017-11-10,8.080000,8.080000,8.080000,8.080000,6.492218,1100
2017-11-13,7.930000,8.010000,7.910000,7.990000,6.419903,4600
2017-11-14,7.940000,7.970000,7.880000,7.880000,6.331520,3000
2017-11-15,7.620000,7.740000,7.610000,7.690000,6.178856,17800
2017-11-16,7.810000,7.890000,7.790000,7.890000,6.339555,20200
2017-11-17,7.840000,8.070000,7.840000,8.070000,6.484183,3100
2017-11-20,8.150000,8.150000,7.970000,8.100000,6.508289,9800
2017-11-21,8.150000,8.250000,8.150000,8.250000,6.628812,6400
2017-11-22,7.990000,7.990000,7.790000,7.800000,6.680198,2400
2017-11-24,7.680000,7.680000,7.550000,7.600000,6.508911,2600
2017-11-27,7.650000,7.650000,7.440000,7.600000,6.508911,12400
2017-11-28,7.670000,7.700000,7.640000,7.650000,6.551733,4700
2017-11-29,7.520000,7.650000,7.410000,7.630000,6.534604,19100
2017-11-30,7.700000,7.970000,7.700000,7.970000,6.825792,9200
2017-12-01,7.840000,7.940000,7.840000,7.940000,6.800099,5800
2017-12-04,7.760000,7.940000,7.760000,7.920000,6.782970,15800
2017-12-05,7.860000,8.000000,7.840000,8.000000,6.851485,14600
2017-12-06,7.770000,8.120000,7.770000,8.120000,6.954257,38300
2017-12-07,7.980000,8.080000,7.980000,8.080000,6.920000,700
2017-12-08,7.930000,8.070000,7.930000,8.070000,6.911436,1600
2017-12-11,7.940000,8.010000,7.880000,7.890000,6.757277,9500
2017-12-12,8.120000,8.120000,7.770000,7.870000,6.740149,10300
2017-12-13,7.820000,7.930000,7.800000,7.920000,6.782970,5900
2017-12-14,7.900000,7.910000,7.810000,7.840000,6.714456,4000
2017-12-15,7.870000,7.990000,7.870000,7.970000,6.825792,7800
2017-12-18,7.970000,8.000000,7.940000,7.960000,6.817227,7400
2017-12-19,7.950000,7.950000,7.950000,7.950000,6.808663,500
2017-12-20,7.970000,7.990000,7.910000,7.990000,6.842921,6600
2017-12-21,7.930000,8.000000,7.930000,7.990000,6.842921,2300
2017-12-22,7.980000,8.000000,7.920000,7.920000,6.782970,1300
2017-12-26,7.920000,7.920000,7.920000,7.920000,6.782970,0
2017-12-27,7.920000,8.150000,7.920000,8.150000,6.979950,400
2017-12-28,8.150000,8.150000,7.960000,7.960000,6.817227,1600
2017-12-29,7.910000,7.950000,7.910000,7.940000,6.800099,1300
2018-01-02,7.980000,7.980000,7.890000,7.890000,6.757277,6200
2018-01-03,7.920000,7.940000,7.920000,7.940000,6.800099,2100
2018-01-04,7.940000,7.940000,7.900000,7.920000,6.782970,7500
2018-01-05,7.900000,7.960000,7.900000,7.960000,6.817227,12100
2018-01-08,7.940000,7.960000,7.940000,7.960000,6.817227,7000
2018-01-09,7.870000,8.010000,7.870000,8.010000,6.860050,11400
2018-01-10,7.940000,7.940000,7.940000,7.940000,6.800099,200
2018-01-11,7.980000,7.980000,7.960000,7.980000,6.834356,8100
2018-01-12,7.880000,7.990000,7.880000,7.990000,6.842921,400
2018-01-16,8.020000,8.050000,7.930000,8.000000,6.851485,12800
2018-01-17,7.940000,8.140000,7.920000,8.140000,6.971386,15400
2018-01-18,8.110000,8.150000,8.080000,8.080000,6.920000,2800
2018-01-19,8.100000,8.110000,8.080000,8.110000,6.945693,3600
2018-01-22,8.150000,8.150000,7.870000,8.040000,6.885743,16700
2018-01-23,8.050000,8.160000,8.020000,8.150000,6.979950,19600
2018-01-24,8.190000,8.190000,8.160000,8.190000,7.014207,6000
2018-01-25,8.200000,8.200000,8.190000,8.200000,7.022772,4000
2018-01-26,8.190000,8.250000,8.180000,8.240000,7.057030,8500
2018-01-29,8.240000,8.270000,8.170000,8.170000,6.997079,43500
2018-01-30,8.120000,8.240000,8.100000,8.240000,7.057030,1800
2018-01-31,8.320000,8.340000,8.200000,8.340000,7.142674,8500
2018-02-01,8.200000,8.450000,8.170000,8.450000,7.236881,3300
2018-02-02,8.250000,8.250000,8.060000,8.150000,6.979950,5100
2018-02-05,8.000000,8.000000,7.810000,7.850000,6.723020,7600
2018-02-06,7.700000,7.900000,7.560000,7.900000,6.765841,13900
2018-02-07,7.860000,7.870000,7.780000,7.810000,6.688762,2200
2018-02-08,7.850000,7.850000,7.550000,7.570000,6.483218,11100
2018-02-09,7.680000,7.750000,7.500000,7.660000,6.560297,10400
2018-02-12,7.720000,7.890000,7.720000,7.840000,6.714456,7200
2018-02-13,7.780000,7.780000,7.730000,7.770000,6.654505,6300
2018-02-14,7.690000,7.880000,7.690000,7.880000,6.748713,3600
2018-02-15,7.940000,7.960000,7.880000,7.880000,6.748713,2200
2018-02-16,7.900000,7.900000,7.870000,7.870000,6.740149,2400
2018-02-20,7.980000,7.980000,7.820000,7.820000,6.697327,800
2018-02-21,7.860000,7.860000,7.860000,7.860000,6.731584,100
2018-02-22,7.860000,7.860000,7.860000,7.860000,6.731584,0
2018-02-23,7.830000,7.900000,7.830000,7.900000,6.765841,2800
2018-02-26,7.900000,7.920000,7.830000,7.920000,6.782970,5700
2018-02-27,7.560000,7.910000,7.560000,7.720000,6.611683,4800
2018-02-28,7.700000,7.770000,7.700000,7.770000,6.654505,3800
2018-03-01,7.740000,7.740000,7.610000,7.610000,6.517476,1700
2018-03-02,7.600000,7.670000,7.590000,7.660000,6.560297,3800
2018-03-05,7.630000,7.760000,7.620000,7.760000,6.645941,5500
2018-03-06,7.810000,7.820000,7.510000,7.820000,6.697327,10300
2018-03-07,7.750000,7.800000,7.750000,7.780000,6.663070,4500
2018-03-08,7.920000,7.930000,7.920000,7.930000,6.791534,800
2018-03-09,7.980000,8.000000,7.930000,7.960000,6.817227,8000
2018-03-12,8.050000,8.050000,8.000000,8.000000,6.851485,2800
2018-03-13,7.980000,7.980000,7.810000,7.820000,6.697327,6100
2018-03-14,7.760000,7.760000,7.760000,7.760000,6.645941,900
2018-03-15,7.770000,7.770000,7.760000,7.770000,6.654505,1400
2018-03-16,7.800000,7.810000,7.800000,7.810000,6.688762,1400
2018-03-19,7.710000,7.730000,7.700000,7.730000,6.620247,3300
2018-03-20,7.740000,7.750000,7.610000,7.710000,6.603119,2700
2018-03-21,7.730000,7.780000,7.730000,7.770000,6.654505,2200
2018-03-22,7.640000,7.650000,7.600000,7.610000,6.517476,6100
2018-03-23,7.600000,7.600000,7.510000,7.510000,6.431832,700
2018-03-26,7.520000,7.560000,7.450000,7.560000,6.474654,14100
2018-03-27,7.610000,7.610000,7.400000,7.410000,6.346188,1800
2018-03-28,7.400000,7.510000,7.350000,7.480000,6.406138,7500
2018-03-29,7.520000,7.640000,7.500000,7.640000,6.543168,3300
2018-04-02,7.620000,7.620000,7.380000,7.420000,6.354753,10000
2018-04-03,7.270000,7.570000,7.270000,7.570000,6.483218,3500
2018-04-04,7.480000,7.500000,7.430000,7.500000,6.423267,4800
2018-04-05,7.560000,7.560000,7.500000,7.500000,6.423267,7000
2018-04-06,7.510000,7.660000,7.400000,7.660000,6.560297,4400
2018-04-09,7.430000,7.630000,7.430000,7.630000,6.534604,1800
2018-04-10,7.710000,7.710000,7.700000,7.700000,6.594554,1600
2018-04-11,7.700000,7.700000,7.700000,7.700000,6.594554,0
2018-04-12,7.560000,7.750000,7.560000,7.750000,6.637376,300
2018-04-13,7.680000,7.680000,7.650000,7.650000,6.551733,2800
2018-04-16,7.530000,7.700000,7.510000,7.700000,6.594554,3500
2018-04-17,7.700000,7.700000,7.700000,7.700000,6.594554,300
2018-04-18,7.700000,7.700000,7.700000,7.700000,6.594554,0
2018-04-19,7.580000,7.680000,7.580000,7.640000,6.543168,1600
2018-04-20,7.590000,7.600000,7.510000,7.560000,6.474654,3100
2018-04-23,7.500000,7.560000,7.500000,7.560000,6.474654,2600
2018-04-24,7.710000,7.710000,7.500000,7.500000,6.423267,5000
2018-04-25,7.460000,7.460000,7.400000,7.400000,6.337624,12800
2018-04-26,7.540000,7.540000,7.530000,7.540000,6.457525,2200
2018-04-27,7.500000,7.510000,7.420000,7.430000,6.363317,1900
2018-04-30,7.530000,7.530000,7.480000,7.480000,6.406138,4000
2018-05-01,7.410000,7.460000,7.340000,7.340000,6.286238,9600
2018-05-02,7.360000,7.440000,7.360000,7.400000,6.337624,3600
2018-05-03,7.310000,7.310000,7.310000,7.310000,6.260544,200
2018-05-04,7.200000,7.390000,7.200000,7.390000,6.329060,700
2018-05-07,7.630000,7.630000,7.160000,7.450000,6.380445,3600
2018-05-08,7.420000,7.430000,7.420000,7.430000,6.363317,500
2018-05-09,7.480000,7.480000,7.200000,7.200000,6.166337,14700
2018-05-10,7.390000,7.410000,7.320000,7.320000,6.269109,1200
2018-05-11,7.340000,7.360000,7.340000,7.360000,6.303367,4300
2018-05-14,7.290000,7.350000,7.290000,7.330000,6.277674,7100
2018-05-15,7.280000,7.310000,7.280000,7.310000,6.260544,2800
2018-05-16,7.300000,7.370000,7.280000,7.370000,6.311931,1600
2018-05-17,7.650000,7.650000,7.360000,7.360000,6.303367,600
2018-05-18,7.340000,7.430000,7.330000,7.330000,6.277674,7200
2018-05-21,7.450000,7.470000,7.310000,7.410000,6.346188,4700
2018-05-22,7.390000,7.390000,7.390000,7.390000,6.329060,200
2018-05-23,7.400000,7.440000,7.360000,7.410000,6.346188,4800
2018-05-24,7.410000,7.410000,7.410000,7.410000,6.346188,0
2018-05-25,7.430000,7.430000,7.420000,7.420000,6.354753,300
2018-05-29,7.400000,7.450000,7.400000,7.400000,6.337624,5000
2018-05-30,7.410000,7.450000,7.410000,7.450000,6.380445,700
2018-05-31,7.460000,7.480000,7.460000,7.470000,6.397574,1500
2018-06-01,7.520000,7.530000,7.410000,7.410000,6.346188,1300
2018-06-04,7.430000,7.430000,7.430000,7.430000,6.363317,600
2018-06-05,7.500000,7.500000,7.500000,7.500000,6.423267,2000
2018-06-06,7.470000,7.500000,7.450000,7.500000,6.423267,3800
2018-06-07,7.580000,7.580000,7.440000,7.470000,6.397574,2700
2018-06-08,7.470000,7.640000,7.470000,7.640000,6.543168,7300
2018-06-11,7.650000,7.700000,7.640000,7.680000,6.577425,9900
2018-06-12,7.690000,7.700000,7.690000,7.700000,6.594554,2000
2018-06-13,7.540000,7.630000,7.540000,7.630000,6.534604,5400
2018-06-14,7.670000,7.680000,7.670000,7.670000,6.568861,500
2018-06-15,7.670000,7.670000,7.670000,7.670000,6.568861,0
2018-06-18,7.670000,7.670000,7.670000,7.670000,6.568861,0
2018-06-19,7.320000,7.640000,7.320000,7.640000,6.543168,6300
2018-06-20,7.640000,7.850000,7.590000,7.710000,6.603119,9500
2018-06-21,7.660000,7.670000,7.660000,7.660000,6.560297,600
2018-06-22,7.270000,7.550000,7.270000,7.480000,6.406138,3400
2018-06-25,7.360000,8.030000,7.360000,7.640000,6.543168,18500
2018-06-26,7.590000,7.590000,7.590000,7.590000,6.500347,1100
2018-06-27,7.680000,7.710000,7.620000,7.620000,6.526040,2800
2018-06-28,7.640000,7.640000,7.640000,7.640000,6.543168,800
2018-06-29,7.640000,7.640000,7.260000,7.550000,6.466089,6200
2018-07-02,7.470000,7.560000,7.420000,7.560000,6.474654,2100
2018-07-03,7.260000,7.700000,7.260000,7.610000,6.517476,12900
2018-07-05,7.480000,7.680000,7.480000,7.680000,6.577425,4800
2018-07-06,7.700000,7.740000,7.680000,7.740000,6.628812,1000
2018-07-09,7.840000,8.190000,7.760000,7.900000,6.765841,78600
2018-07-10,8.190000,8.190000,7.940000,8.090000,6.928564,17100
2018-07-11,8.100000,8.100000,7.850000,7.880000,6.748713,15900
2018-07-12,7.880000,7.880000,7.870000,7.880000,6.748713,3200
2018-07-13,7.970000,7.970000,7.850000,7.870000,6.740149,600
2018-07-16,8.010000,8.010000,7.880000,8.000000,6.851485,9100
2018-07-17,8.030000,8.030000,7.950000,7.970000,6.825792,2500
2018-07-18,8.090000,8.090000,7.920000,7.920000,6.782970,3100
2018-07-19,8.020000,8.030000,7.950000,8.010000,6.860050,2900
2018-07-20,8.010000,8.020000,7.980000,7.980000,6.834356,600
2018-07-23,7.960000,8.020000,7.960000,7.990000,6.842921,800
2018-07-24,7.990000,8.190000,7.990000,8.190000,7.014207,7100
2018-07-25,8.390000,8.390000,8.010000,8.150000,6.979950,17700
2018-07-26,8.290000,8.290000,8.040000,8.040000,6.885743,1700
2018-07-27,7.990000,8.000000,7.970000,8.000000,6.851485,2300
2018-07-30,7.970000,7.970000,7.970000,7.970000,6.825792,300
2018-07-31,7.970000,7.970000,7.970000,7.970000,6.825792,0
2018-08-01,7.950000,8.080000,7.940000,8.080000,6.920000,2900
2018-08-02,8.000000,8.000000,8.000000,8.000000,6.851485,1500
2018-08-03,8.150000,8.150000,7.810000,7.820000,6.697327,7700
2018-08-06,7.800000,7.980000,7.750000,7.920000,6.782970,13600
2018-08-07,8.080000,8.080000,7.860000,7.880000,6.748713,3600
2018-08-08,7.880000,7.880000,7.880000,7.880000,6.748713,1000
2018-08-09,7.850000,7.970000,7.850000,7.970000,6.825792,3300
2018-08-10,7.850000,7.940000,7.850000,7.940000,6.800099,3200
2018-08-13,7.860000,7.930000,7.850000,7.900000,6.765841,2300
2018-08-14,7.900000,7.900000,7.900000,7.900000,6.765841,0
2018-08-15,7.850000,7.850000,7.850000,7.850000,6.723020,500
2018-08-16,7.910000,7.920000,7.910000,7.920000,6.782970,3900
2018-08-17,7.850000,7.980000,7.800000,7.980000,6.834356,3200
2018-08-20,7.980000,7.980000,7.970000,7.980000,6.834356,2300
2018-08-21,8.260000,8.270000,7.860000,7.960000,6.817227,15100
2018-08-22,7.960000,7.990000,7.960000,7.990000,6.842921,500
2018-08-23,7.990000,7.990000,7.990000,7.990000,6.842921,0
2018-08-24,8.020000,8.020000,7.930000,7.930000,6.791534,800
2018-08-27,7.850000,7.850000,7.850000,7.850000,6.723020,800
2018-08-28,8.120000,8.120000,7.980000,7.980000,6.834356,3300
2018-08-29,8.140000,8.190000,8.070000,8.190000,7.014207,1100
2018-08-30,8.000000,8.020000,7.930000,7.950000,6.808663,3400
2018-08-31,7.920000,7.920000,7.920000,7.920000,6.782970,500
2018-09-04,7.970000,7.970000,7.800000,7.930000,6.791534,1000
2018-09-05,7.850000,7.850000,7.790000,7.830000,6.705891,3900
2018-09-06,7.900000,7.930000,7.760000,7.760000,6.645941,2700
2018-09-07,7.760000,7.760000,7.760000,7.760000,6.645941,200
2018-09-10,7.760000,7.760000,7.760000,7.760000,6.645941,400
2018-09-11,7.820000,7.880000,7.820000,7.880000,6.748713,1400
2018-09-12,7.930000,7.930000,7.820000,7.820000,6.697327,500
2018-09-13,7.840000,7.840000,7.840000,7.840000,6.714456,200
2018-09-14,7.840000,7.840000,7.780000,7.780000,6.663070,9300
2018-09-17,7.770000,7.840000,7.770000,7.840000,6.714456,2400
2018-09-18,7.990000,8.090000,7.990000,8.000000,6.851485,18700
2018-09-19,7.990000,8.010000,7.990000,8.010000,6.860050,1200
2018-09-20,8.020000,8.020000,7.850000,8.020000,6.868615,4800
2018-09-21,8.080000,8.080000,7.990000,8.030000,6.877178,1100
2018-09-24,7.870000,7.870000,7.870000,7.870000,6.740149,800
2018-09-25,8.060000,8.060000,7.990000,8.040000,6.885743,3400
2018-09-26,8.000000,8.000000,7.980000,8.000000,6.851485,1300
2018-09-27,7.980000,8.030000,7.860000,8.030000,6.877178,5100
2018-09-28,8.070000,8.090000,8.000000,8.010000,6.860050,3900
2018-10-01,8.000000,8.000000,7.760000,7.970000,6.825792,1700
2018-10-02,8.010000,8.010000,8.010000,8.010000,6.860050,200
2018-10-03,7.770000,7.940000,7.770000,7.940000,6.800099,2300
2018-10-04,7.800000,7.820000,7.790000,7.820000,6.697327,5300
2018-10-05,7.760000,7.790000,7.760000,7.760000,6.645941,2400
2018-10-08,7.790000,7.790000,7.770000,7.770000,6.654505,1000
2018-10-09,7.710000,7.750000,7.710000,7.730000,6.620247,1500
2018-10-10,7.680000,7.680000,7.500000,7.510000,6.431832,11100
2018-10-11,7.480000,7.610000,7.410000,7.510000,6.431832,11000
2018-10-12,7.510000,7.510000,7.260000,7.350000,6.294802,1300
2018-10-15,7.360000,7.530000,7.350000,7.390000,6.329060,2700
2018-10-16,7.430000,7.810000,7.430000,7.530000,6.448960,7700
2018-10-17,7.810000,7.810000,7.510000,7.510000,6.431832,15200
2018-10-18,7.510000,7.510000,7.510000,7.510000,6.431832,300
2018-10-19,7.580000,7.700000,7.530000,7.570000,6.483218,2200
2018-10-22,7.550000,7.590000,7.510000,7.550000,6.466089,2300
2018-10-23,7.510000,7.630000,7.350000,7.350000,6.294802,900
2018-10-24,7.400000,7.500000,7.400000,7.400000,6.337624,700
2018-10-25,7.480000,7.480000,7.450000,7.450000,6.380445,600
2018-10-26,7.650000,7.700000,7.330000,7.700000,6.594554,9700
2018-10-29,7.550000,7.550000,7.500000,7.500000,6.423267,600
2018-10-30,7.490000,7.490000,7.490000,7.490000,6.414702,200
2018-10-31,7.490000,7.490000,7.490000,7.490000,6.414702,0
2018-11-01,7.490000,7.490000,7.490000,7.490000,6.414702,500
2018-11-02,7.470000,7.500000,7.390000,7.420000,6.354753,3400
2018-11-05,7.260000,7.450000,7.260000,7.310000,6.260544,22800
2018-11-06,7.320000,7.350000,7.270000,7.270000,6.226287,3700
2018-11-07,7.370000,7.400000,7.370000,7.380000,6.320496,4500
2018-11-08,7.420000,7.490000,7.400000,7.490000,6.414702,8800
2018-11-09,7.470000,7.790000,7.470000,7.780000,6.663070,5400
2018-11-12,7.780000,7.780000,7.560000,7.560000,6.474654,4600
2018-11-13,7.500000,7.590000,7.400000,7.400000,6.337624,3700
2018-11-14,7.510000,7.530000,7.390000,7.530000,6.448960,11000
2018-11-15,7.400000,7.630000,7.400000,7.630000,6.534604,900
2018-11-16,7.530000,7.530000,7.450000,7.450000,6.380445,3500
2018-11-19,7.610000,7.610000,7.500000,7.530000,6.448960,8500
2018-11-20,7.500000,7.640000,7.500000,7.510000,6.431832,11800
2018-11-21,7.500000,7.520000,7.150000,7.160000,6.597695,8600
2018-11-23,7.180000,7.180000,7.160000,7.160000,6.597695,300
2018-11-26,7.420000,7.420000,6.960000,7.060000,6.505548,6800
2018-11-27,7.170000,7.200000,7.100000,7.150000,6.588481,600
2018-11-28,7.110000,7.110000,7.110000,7.110000,6.551622,400
2018-11-29,7.110000,7.110000,7.110000,7.110000,6.551622,0
2018-11-30,7.130000,7.160000,7.130000,7.130000,6.570052,2200
2018-12-03,7.190000,7.300000,7.190000,7.200000,6.634554,4200
2018-12-04,7.180000,7.630000,7.130000,7.610000,7.012355,23700
2018-12-06,7.490000,7.490000,7.480000,7.480000,6.892564,300
2018-12-07,7.200000,7.250000,7.200000,7.250000,6.680627,2100
2018-12-10,7.130000,7.240000,7.130000,7.130000,6.570052,5700
2018-12-11,7.150000,7.650000,7.150000,7.540000,6.947853,11200
2018-12-12,7.480000,7.480000,7.250000,7.250000,6.680627,800
2018-12-13,7.500000,7.610000,7.500000,7.500000,6.910994,11000
2018-12-14,7.590000,7.590000,7.350000,7.400000,6.818847,12700
2018-12-17,7.640000,7.640000,7.420000,7.520000,6.929423,8800
2018-12-18,7.430000,7.700000,7.420000,7.510000,6.920208,4600
2018-12-19,7.450000,7.480000,7.310000,7.310000,6.735915,11600
2018-12-20,7.490000,7.500000,7.480000,7.500000,6.910994,600
2018-12-21,7.390000,7.390000,7.280000,7.360000,6.781989,4800
2018-12-24,7.280000,7.280000,6.960000,7.150000,6.588481,10900
2018-12-26,7.300000,7.350000,7.300000,7.350000,6.772774,9800
2018-12-27,7.330000,7.330000,6.680000,6.700000,6.173821,20600
2018-12-28,6.700000,6.930000,6.570000,6.570000,6.054031,35600
2018-12-31,6.690000,7.300000,6.550000,7.300000,6.726701,87600
2019-01-02,7.150000,7.190000,7.080000,7.080000,6.523978,7200
2019-01-03,7.100000,7.320000,7.000000,7.320000,6.745130,17100
2019-01-04,7.290000,7.290000,7.290000,7.290000,6.717486,300
2019-01-07,7.110000,7.390000,7.110000,7.370000,6.791203,2600
2019-01-08,7.480000,7.480000,7.050000,7.250000,6.680627,3700
2019-01-09,7.180000,7.440000,7.180000,7.440000,6.855706,3700
2019-01-10,7.420000,7.420000,7.330000,7.330000,6.754345,800
2019-01-11,7.330000,7.330000,7.330000,7.330000,6.754345,0
2019-01-14,7.180000,7.260000,6.990000,7.240000,6.671412,5400
2019-01-15,7.240000,7.270000,7.200000,7.270000,6.699057,2600
2019-01-16,7.040000,7.270000,7.040000,7.200000,6.634554,4200
2019-01-17,7.350000,7.390000,7.320000,7.320000,6.745130,2900
2019-01-18,7.320000,7.330000,7.290000,7.300000,6.726701,4500
2019-01-22,7.090000,7.170000,7.090000,7.090000,6.533193,2000
2019-01-23,7.100000,7.100000,7.100000,7.100000,6.542408,700
2019-01-24,7.100000,7.150000,7.060000,7.080000,6.523978,8800
2019-01-25,7.260000,7.260000,7.200000,7.200000,6.634554,900
2019-01-28,7.450000,7.450000,7.400000,7.400000,6.818847,2000
2019-01-29,7.370000,7.380000,7.370000,7.380000,6.800418,5600
2019-01-30,7.330000,7.330000,7.300000,7.300000,6.726701,4400
2019-01-31,7.350000,7.490000,7.350000,7.460000,6.874135,14400
2019-02-01,7.490000,7.800000,7.480000,7.750000,7.141360,20900
2019-02-04,7.830000,8.050000,7.780000,8.050000,7.417800,20000
2019-02-05,7.710000,7.710000,7.130000,7.590000,6.993926,8700
2019-02-06,7.500000,7.530000,7.500000,7.530000,6.938638,5900
2019-02-07,7.560000,7.620000,7.430000,7.560000,6.966282,11500
2019-02-08,7.410000,7.590000,7.410000,7.430000,6.846491,5600
2019-02-11,7.540000,7.640000,7.500000,7.640000,7.039999,9400
2019-02-12,7.640000,7.680000,7.590000,7.680000,7.076858,2700
2019-02-13,7.700000,7.700000,7.490000,7.490000,6.901779,10200
2019-02-14,7.580000,7.590000,7.450000,7.450000,6.864920,9200
2019-02-15,7.500000,7.520000,7.490000,7.490000,6.901779,9000
2019-02-19,7.500000,7.570000,7.490000,7.570000,6.975497,4900
2019-02-20,7.560000,7.580000,7.500000,7.510000,6.920208,9600
2019-02-21,7.550000,7.550000,7.540000,7.540000,6.947853,2500
2019-02-22,7.580000,7.580000,7.530000,7.560000,6.966282,2800
2019-02-25,7.460000,7.900000,7.450000,7.610000,7.012355,18900
2019-02-26,7.530000,7.560000,7.530000,7.540000,6.947853,4100
2019-02-27,7.540000,7.570000,7.500000,7.570000,6.975497,5400
2019-02-28,7.900000,7.900000,7.500000,7.520000,6.929423,2000
2019-03-01,7.550000,7.550000,7.520000,7.520000,6.929423,7100
2019-03-04,7.590000,7.590000,7.510000,7.520000,6.929423,5000
2019-03-05,7.510000,7.590000,7.490000,7.500000,6.910994,7600
2019-03-06,7.500000,7.510000,7.400000,7.430000,6.846491,14100
2019-03-07,7.430000,7.430000,7.330000,7.330000,6.754345,4300
2019-03-08,7.330000,7.330000,7.330000,7.330000,6.754345,0
2019-03-11,7.420000,7.420000,7.410000,7.420000,6.837276,4700
2019-03-12,7.420000,7.420000,7.410000,7.420000,6.837276,4700
2019-03-13,7.430000,7.460000,7.420000,7.420000,6.837276,18400
2019-03-14,7.420000,7.450000,7.420000,7.420000,6.837276,5100
2019-03-15,7.560000,7.560000,7.500000,7.500000,6.910994,6400
2019-03-18,7.400000,7.480000,7.400000,7.470000,6.883349,6000
2019-03-19,7.490000,7.530000,7.480000,7.490000,6.901779,10300
2019-03-20,7.440000,7.500000,7.380000,7.500000,6.910994,7600
2019-03-21,7.550000,7.560000,7.540000,7.540000,6.947853,600
2019-03-22,7.500000,7.600000,7.470000,7.600000,7.003140,3200
2019-03-25,7.500000,7.550000,7.430000,7.550000,6.957067,2000
2019-03-26,7.490000,7.500000,7.480000,7.480000,6.892564,2000
2019-03-27,7.520000,7.520000,7.420000,7.490000,6.901779,4200
2019-03-28,7.430000,7.430000,7.430000,7.430000,6.846491,600
2019-03-29,7.500000,7.640000,7.500000,7.590000,6.993926,4100
2019-04-01,7.520000,7.640000,7.520000,7.640000,7.039999,3500
2019-04-02,7.610000,7.700000,7.610000,7.700000,7.095287,7300
2019-04-03,7.600000,7.710000,7.600000,7.700000,7.095287,3400
2019-04-04,7.500000,7.670000,7.500000,7.670000,7.067643,3400
2019-04-05,7.680000,7.690000,7.680000,7.690000,7.086072,16000
2019-04-08,7.750000,7.750000,7.690000,7.710000,7.104502,2900
2019-04-09,7.710000,7.720000,7.710000,7.720000,7.113716,4900
2019-04-10,7.750000,7.750000,7.680000,7.690000,7.086072,5200
2019-04-11,7.750000,7.750000,7.700000,7.740000,7.132145,6100
2019-04-12,7.730000,7.900000,7.730000,7.770000,7.159790,2100
2019-04-15,7.760000,7.760000,7.760000,7.760000,7.150575,200
2019-04-16,7.760000,7.850000,7.760000,7.800000,7.187434,7600
2019-04-17,7.840000,7.840000,7.760000,7.760000,7.150575,2100
2019-04-18,7.760000,7.800000,7.760000,7.760000,7.150575,9500
2019-04-22,7.740000,7.780000,7.700000,7.770000,7.159790,7600
2019-04-23,7.720000,7.800000,7.720000,7.800000,7.187434,3300
2019-04-24,7.830000,7.830000,7.770000,7.770000,7.159790,1500
2019-04-25,7.770000,7.780000,7.760000,7.780000,7.169005,1000
2019-04-26,7.810000,7.850000,7.750000,7.760000,7.150575,11300
2019-04-29,7.600000,7.790000,7.600000,7.790000,7.178219,800
2019-04-30,7.630000,7.820000,7.630000,7.810000,7.196648,3600
2019-05-01,7.730000,7.920000,7.730000,7.820000,7.205863,9500
2019-05-02,7.760000,7.890000,7.720000,7.800000,7.187434,4300
2019-05-03,7.760000,7.860000,7.730000,7.740000,7.132145,11200
2019-05-06,7.610000,7.670000,7.600000,7.600000,7.003140,7800
2019-05-07,7.600000,7.720000,7.600000,7.670000,7.067643,7300
2019-05-08,7.670000,7.680000,7.670000,7.680000,7.076858,6600
2019-05-09,7.650000,7.650000,7.600000,7.600000,7.003140,1400
2019-05-10,7.650000,7.660000,7.520000,7.660000,7.058428,8500
2019-05-13,7.340000,7.550000,7.340000,7.420000,6.837276,14700
2019-05-14,7.510000,7.510000,7.510000,7.510000,6.920208,800
2019-05-15,7.260000,7.480000,7.260000,7.480000,6.892564,2900
2019-05-16,7.540000,7.540000,7.540000,7.540000,6.947853,1300
2019-05-17,7.540000,7.540000,7.540000,7.540000,6.947853,0
2019-05-20,7.500000,7.600000,7.500000,7.600000,7.003140,7200
2019-05-21,7.560000,7.570000,7.550000,7.570000,6.975497,1800
2019-05-22,7.550000,7.550000,7.500000,7.500000,6.910994,2900
2019-05-23,7.450000,7.460000,7.450000,7.460000,6.874135,8000
2019-05-24,7.520000,7.530000,7.520000,7.520000,6.929423,1700
2019-05-28,7.530000,7.530000,7.410000,7.420000,6.837276,4700
2019-05-29,7.100000,7.390000,7.100000,7.390000,6.809633,15200
2019-05-30,7.360000,7.380000,7.360000,7.380000,6.800418,1100
2019-05-31,7.350000,7.350000,7.350000,7.350000,6.772774,500
2019-06-03,7.350000,7.390000,7.340000,7.340000,6.763560,1700
2019-06-04,7.340000,7.490000,7.340000,7.490000,6.901779,5100
2019-06-05,7.520000,7.520000,7.480000,7.490000,6.901779,1100
2019-06-06,7.510000,7.530000,7.380000,7.530000,6.938638,2500
2019-06-07,7.510000,7.750000,7.490000,7.750000,7.141360,13100
2019-06-10,7.750000,7.820000,7.610000,7.650000,7.049214,15900
2019-06-11,7.650000,7.830000,7.650000,7.660000,7.058428,4300
2019-06-12,7.470000,7.620000,7.430000,7.620000,7.021570,11100
2019-06-13,7.380000,7.770000,7.380000,7.770000,7.159790,14600
2019-06-14,7.730000,7.770000,7.600000,7.750000,7.141360,22000
2019-06-17,7.730000,7.790000,7.730000,7.760000,7.150575,20500
2019-06-18,7.700000,7.800000,7.700000,7.800000,7.187434,10700
2019-06-19,7.800000,7.810000,7.800000,7.810000,7.196648,1200
2019-06-20,7.820000,7.860000,7.750000,7.860000,7.242722,1400
2019-06-21,7.850000,7.850000,7.750000,7.750000,7.141360,2800
2019-06-24,7.850000,7.940000,7.850000,7.940000,7.316439,6500
2019-06-25,7.860000,7.950000,7.840000,7.910000,7.288795,4500
2019-06-26,7.910000,7.910000,7.880000,7.880000,7.261151,800
2019-06-27,7.880000,7.880000,7.880000,7.880000,7.261151,100
2019-06-28,7.880000,7.990000,7.870000,7.960000,7.334868,15100
2019-07-01,7.960000,7.990000,7.960000,7.990000,7.362512,3900
2019-07-02,7.980000,8.010000,7.980000,7.990000,7.362512,5600
2019-07-03,7.990000,8.020000,7.990000,8.020000,7.390157,1500
2019-07-05,8.040000,8.040000,7.990000,8.010000,7.380942,1700
2019-07-08,8.090000,8.090000,8.040000,8.040000,7.408586,3000
2019-07-09,8.070000,8.070000,8.070000,8.070000,7.436229,200
2019-07-10,7.990000,8.050000,7.990000,8.040000,7.408586,4000
2019-07-11,8.020000,8.020000,8.020000,8.020000,7.390157,300
2019-07-12,7.990000,8.040000,7.990000,8.040000,7.408586,2500
2019-07-15,7.950000,7.950000,7.950000,7.950000,7.325653,300
2019-07-16,8.040000,8.040000,7.750000,7.780000,7.169005,4900
2019-07-17,7.930000,8.050000,7.930000,8.050000,7.417800,6500
2019-07-18,7.900000,7.960000,7.900000,7.960000,7.334868,2300
2019-07-19,8.050000,8.050000,8.030000,8.050000,7.417800,3900
2019-07-22,8.100000,8.100000,8.100000,8.100000,7.463874,600
2019-07-23,8.100000,8.140000,8.050000,8.060000,7.427015,6100
2019-07-24,7.920000,8.000000,7.900000,8.000000,7.371727,1500
2019-07-25,8.000000,8.000000,8.000000,8.000000,7.371727,100
2019-07-26,8.100000,8.100000,8.100000,8.100000,7.463874,200
2019-07-29,8.110000,8.110000,8.110000,8.110000,7.473087,200
2019-07-30,8.110000,8.110000,8.110000,8.110000,7.473087,200
2019-07-31,8.320000,8.320000,8.010000,8.240000,7.592879,10600
2019-08-01,8.200000,8.240000,8.020000,8.130000,7.491517,4300
2019-08-02,8.200000,8.240000,8.020000,8.130000,7.491517,100
2019-08-05,8.000000,8.050000,7.500000,7.750000,7.141360,17700
2019-08-06,8.000000,8.050000,7.500000,7.750000,7.141360,100
2019-08-07,7.750000,7.860000,7.750000,7.830000,7.215077,3100
2019-08-08,7.860000,7.870000,7.860000,7.870000,7.251936,600
2019-08-09,7.860000,7.870000,7.860000,7.870000,7.251936,100
2019-08-12,7.760000,7.760000,7.760000,7.760000,7.150575,700
2019-08-13,7.840000,7.900000,7.730000,7.880000,7.261151,6100
2019-08-14,7.410000,7.780000,7.410000,7.770000,7.159790,2900
2019-08-15,7.740000,7.850000,7.740000,7.850000,7.233507,500
2019-08-16,7.820000,7.830000,7.800000,7.830000,7.215077,400
2019-08-19,7.860000,8.150000,7.860000,7.920000,7.298009,2600
2019-08-20,7.930000,7.970000,7.930000,7.970000,7.344082,300
2019-08-21,7.970000,7.970000,7.900000,7.940000,7.316439,2800
2019-08-22,7.930000,8.100000,7.930000,8.070000,7.436229,200
2019-08-23,8.000000,8.010000,7.900000,7.900000,7.279580,6100
2019-08-26,8.000000,8.000000,7.830000,7.830000,7.215077,2000
2019-08-27,7.860000,8.040000,7.860000,8.040000,7.408586,2300
2019-08-28,8.040000,8.040000,8.040000,8.040000,7.408586,0
2019-08-29,8.090000,8.130000,8.070000,8.100000,7.463874,7700
2019-08-30,8.130000,8.130000,8.070000,8.100000,7.463874,900
2019-09-03,7.410000,7.700000,7.410000,7.700000,7.095287,2200
2019-09-04,8.130000,8.130000,8.130000,8.130000,7.491517,100
2019-09-05,7.710000,8.130000,7.710000,8.130000,7.491517,700
2019-09-06,8.130000,8.240000,8.130000,8.240000,7.592879,1100
2019-09-09,7.720000,7.970000,7.720000,7.970000,7.344082,12800
2019-09-10,7.950000,7.950000,7.950000,7.950000,7.325653,200
2019-09-11,7.930000,7.930000,7.910000,7.910000,7.288795,200
2019-09-12,7.910000,7.910000,7.910000,7.910000,7.288795,0
2019-09-13,7.550000,8.080000,7.550000,7.990000,7.362512,3300
2019-09-16,7.950000,7.970000,7.850000,7.850000,7.233507,6000
2019-09-17,8.030000,8.030000,7.910000,7.910000,7.288795,1100
2019-09-18,8.110000,8.230000,8.070000,8.190000,7.546804,1200
2019-09-19,8.090000,8.140000,8.070000,8.140000,7.500732,1000
2019-09-20,8.090000,8.240000,8.090000,8.240000,7.592879,1800
2019-09-23,8.240000,8.240000,7.860000,7.860000,7.242722,4000
2019-09-24,7.860000,7.860000,7.860000,7.860000,7.242722,0
2019-09-25,8.200000,8.210000,7.900000,7.900000,7.279580,2600
2019-09-26,7.900000,7.900000,7.900000,7.900000,7.279580,0
2019-09-27,7.900000,7.900000,7.900000,7.900000,7.279580,300
2019-09-30,7.900000,8.100000,7.900000,8.000000,7.371727,4700
2019-10-01,7.710000,8.400000,7.710000,8.090000,7.454659,6700
2019-10-02,8.100000,8.190000,8.010000,8.070000,7.436229,3300
2019-10-03,8.070000,8.070000,7.800000,7.850000,7.233507,1300
2019-10-04,8.040000,8.200000,8.040000,8.060000,7.427015,10600
2019-10-07,8.400000,8.400000,8.020000,8.020000,7.390157,700
2019-10-08,8.100000,8.400000,7.830000,7.950000,7.325653,5000
2019-10-09,7.950000,7.950000,7.950000,7.950000,7.325653,0
2019-10-10,8.440000,8.450000,7.850000,8.100000,7.463874,3600
2019-10-11,8.260000,8.260000,7.900000,7.900000,7.279580,4500
2019-10-14,8.120000,8.150000,8.090000,8.090000,7.454659,1700
2019-10-15,8.180000,8.180000,8.160000,8.160000,7.519161,1600
2019-10-16,8.180000,8.180000,8.180000,8.180000,7.537591,500
2019-10-17,8.180000,8.190000,8.110000,8.190000,7.546804,1600
2019-10-18,7.970000,8.070000,7.910000,8.000000,7.371727,2200
2019-10-21,7.860000,7.950000,7.860000,7.920000,7.298009,1100
2019-10-22,7.920000,8.080000,7.920000,8.050000,7.417800,2900
2019-10-23,7.930000,7.930000,7.930000,7.930000,7.307224,100
2019-10-24,7.950000,7.970000,7.910000,7.970000,7.344082,2500
2019-10-25,7.970000,7.970000,7.970000,7.970000,7.344082,0
2019-10-28,8.110000,8.140000,8.000000,8.110000,7.473087,4400
2019-10-29,8.020000,8.060000,7.920000,7.920000,7.298009,7300
2019-10-30,7.890000,7.890000,7.860000,7.880000,7.261151,1100
2019-10-31,7.880000,7.900000,7.880000,7.900000,7.279580,2300
2019-11-01,8.040000,8.260000,8.040000,8.260000,7.611309,3800
2019-11-04,8.200000,8.200000,8.100000,8.120000,7.482303,3600
2019-11-05,8.100000,8.100000,7.900000,8.030000,7.399371,4600
2019-11-06,8.000000,8.030000,8.000000,8.030000,7.399371,1800
2019-11-07,8.040000,8.080000,8.040000,8.040000,7.408586,3200
2019-11-08,8.440000,8.440000,8.130000,8.130000,7.491517,1200
2019-11-11,8.200000,8.390000,8.200000,8.250000,7.602093,8600
2019-11-12,8.320000,8.320000,8.250000,8.260000,7.611309,3400
2019-11-13,8.300000,8.300000,8.280000,8.280000,7.629737,2300
2019-11-14,8.320000,8.320000,8.230000,8.230000,7.583663,1200
2019-11-15,8.160000,8.220000,8.160000,8.220000,7.574450,1000
2019-11-18,8.150000,8.290000,8.150000,8.210000,7.565235,10300
2019-11-19,8.300000,8.300000,8.160000,8.250000,7.602093,5500
2019-11-20,8.290000,8.300000,8.170000,8.210000,7.565235,1600
2019-11-21,7.450000,7.860000,7.450000,7.690000,7.150523,8000
2019-11-22,8.000000,8.000000,7.710000,7.710000,7.169120,1600
2019-11-25,7.580000,7.690000,7.580000,7.590000,7.057539,9800
2019-11-26,7.600000,7.610000,7.600000,7.610000,7.076135,3900
2019-11-27,7.640000,7.650000,7.640000,7.650000,7.113329,400
2019-11-29,7.650000,7.650000,7.650000,7.650000,7.113329,0
2019-12-02,7.650000,7.650000,7.630000,7.650000,7.113329,800
2019-12-03,7.610000,7.610000,7.560000,7.560000,7.029643,10100
2019-12-04,7.580000,7.630000,7.550000,7.570000,7.038941,1900
2019-12-05,7.500000,7.600000,7.500000,7.600000,7.066837,8100
2019-12-06,7.610000,7.630000,7.600000,7.610000,7.076135,14400
2019-12-09,7.610000,7.610000,7.600000,7.610000,7.076135,600
2019-12-10,7.610000,7.610000,7.510000,7.540000,7.011046,6700
2019-12-11,7.510000,7.560000,7.440000,7.560000,7.029643,10200
2019-12-12,7.590000,7.610000,7.540000,7.600000,7.066837,6100
2019-12-13,7.610000,7.610000,7.580000,7.610000,7.076135,2400
2019-12-16,7.610000,7.890000,7.610000,7.750000,7.206314,9000
2019-12-17,7.700000,7.700000,7.670000,7.690000,7.150523,2000
2019-12-18,7.680000,7.680000,7.620000,7.640000,7.104031,20500
2019-12-19,7.990000,7.990000,7.620000,7.650000,7.113329,7400
2019-12-20,7.670000,7.700000,7.650000,7.700000,7.159822,5700
2019-12-23,7.710000,7.720000,7.710000,7.720000,7.178418,3800
2019-12-24,7.790000,7.790000,7.750000,7.750000,7.206314,3700
2019-12-26,7.800000,7.800000,7.720000,7.720000,7.178418,7400
2019-12-27,7.760000,7.760000,7.700000,7.720000,7.178418,22300
2019-12-30,7.630000,7.800000,7.630000,7.800000,7.252806,14400
2019-12-31,7.800000,8.020000,7.800000,8.020000,7.457373,2400
2020-01-02,8.190000,8.190000,7.810000,7.920000,7.364388,7300
2020-01-03,7.830000,7.840000,7.800000,7.810000,7.262105,5900
2020-01-06,7.800000,7.820000,7.800000,7.820000,7.271403,2500
2020-01-07,7.700000,7.850000,7.700000,7.850000,7.299298,2900
2020-01-08,7.660000,7.810000,7.660000,7.700000,7.159822,19300
2020-01-09,7.750000,7.750000,7.680000,7.680000,7.141224,4100
2020-01-10,7.610000,7.680000,7.610000,7.630000,7.094732,6200
2020-01-13,7.630000,7.630000,7.620000,7.630000,7.094732,7800
2020-01-14,7.770000,7.810000,7.770000,7.810000,7.262105,1400
2020-01-15,7.770000,7.770000,7.670000,7.710000,7.169120,5600
2020-01-16,7.650000,7.760000,7.650000,7.760000,7.215612,6200
2020-01-17,7.840000,7.850000,7.720000,7.780000,7.234210,12200
2020-01-21,7.740000,7.830000,7.740000,7.820000,7.271403,2100
2020-01-22,7.750000,7.750000,7.750000,7.750000,7.206314,200
2020-01-23,7.750000,7.760000,7.740000,7.740000,7.197015,1700
2020-01-24,7.810000,7.810000,7.750000,7.800000,7.252806,9700
2020-01-27,7.800000,7.840000,7.790000,7.800000,7.252806,3400
2020-01-28,7.880000,7.880000,7.840000,7.840000,7.290000,6500
2020-01-29,7.780000,7.890000,7.780000,7.850000,7.299298,9100
2020-01-30,7.850000,7.930000,7.820000,7.930000,7.373686,2500
2020-01-31,8.010000,8.010000,7.770000,7.770000,7.224911,4800
2020-02-03,7.790000,7.850000,7.770000,7.770000,7.224911,6900
2020-02-04,7.890000,7.890000,7.730000,7.760000,7.215612,14000
2020-02-05,7.900000,7.900000,7.820000,7.820000,7.271403,800
2020-02-06,7.940000,7.940000,7.900000,7.900000,7.345791,900
2020-02-07,7.830000,7.890000,7.820000,7.850000,7.299298,4700
2020-02-10,7.860000,7.900000,7.860000,7.890000,7.336492,8200
2020-02-11,7.900000,8.090000,7.900000,8.090000,7.522462,19500
2020-02-12,8.140000,8.200000,8.040000,8.040000,7.475969,4800
2020-02-13,8.230000,8.240000,8.110000,8.150000,7.578252,3000
2020-02-14,8.230000,8.230000,8.150000,8.170000,7.596849,3000
2020-02-18,8.220000,8.240000,8.140000,8.200000,7.624745,33600
2020-02-19,8.100000,8.100000,8.100000,8.100000,7.531761,1000
2020-02-20,8.090000,8.090000,8.090000,8.090000,7.522462,200
2020-02-21,8.040000,8.050000,8.000000,8.020000,7.457373,4700
2020-02-24,7.940000,7.940000,7.860000,7.880000,7.327194,6600
2020-02-25,7.940000,7.940000,7.750000,7.750000,7.206314,2900
2020-02-26,7.680000,7.760000,7.610000,7.610000,7.076135,4800
2020-02-27,7.530000,7.590000,7.360000,7.370000,6.852972,56200
2020-02-28,7.370000,7.370000,6.980000,7.150000,6.648406,40900
2020-03-02,7.300000,7.300000,7.210000,7.300000,6.787883,8200
2020-03-03,7.300000,7.420000,7.300000,7.310000,6.797181,22200
2020-03-04,7.360000,7.500000,7.360000,7.500000,6.973852,2400
2020-03-05,7.390000,7.390000,7.220000,7.310000,6.797181,1800
2020-03-06,7.150000,7.250000,7.150000,7.240000,6.732091,2300
2020-03-09,7.000000,7.060000,6.850000,6.850000,6.369452,14700
2020-03-10,7.100000,7.100000,6.900000,6.940000,6.453138,1200
2020-03-11,6.650000,6.810000,6.650000,6.720000,6.248571,4400
2020-03-12,6.220000,6.660000,6.110000,6.150000,5.718559,16700
2020-03-13,6.300000,6.410000,6.180000,6.390000,5.941722,26000
2020-03-16,6.150000,6.200000,5.980000,6.050000,5.625574,17400
2020-03-17,6.000000,6.100000,5.850000,6.010000,5.588380,10600
2020-03-18,5.780000,5.900000,5.430000,5.510000,5.123457,20000
2020-03-19,5.310000,5.600000,5.210000,5.570000,5.179248,12200
2020-03-20,5.590000,5.590000,5.400000,5.400000,5.021173,9600
2020-03-23,5.320000,5.450000,5.200000,5.200000,4.835204,7800
2020-03-24,5.560000,5.810000,5.500000,5.810000,5.402411,8700
2020-03-25,5.620000,6.200000,5.590000,6.200000,5.765051,10900
2020-03-26,6.100000,6.200000,6.100000,6.160000,5.727857,4700
2020-03-27,6.100000,6.100000,6.060000,6.060000,5.634872,700
2020-03-30,5.740000,6.100000,5.740000,6.100000,5.672066,6100
2020-03-31,6.550000,6.560000,6.090000,6.120000,5.690663,12700
2020-04-01,6.050000,6.230000,5.810000,5.890000,5.476799,9300
2020-04-02,6.550000,6.960000,5.890000,6.090000,5.662768,6000
2020-04-03,5.850000,5.880000,5.830000,5.830000,5.421008,700
2020-04-06,6.200000,6.350000,6.040000,6.050000,5.625574,3200
2020-04-07,6.080000,6.290000,5.410000,6.260000,5.820842,21400
2020-04-08,6.200000,6.320000,6.200000,6.310000,5.867334,4500
2020-04-09,6.310000,6.310000,6.310000,6.310000,5.867334,0
2020-04-13,6.220000,6.270000,6.150000,6.200000,5.765051,5300
2020-04-14,6.300000,6.430000,6.300000,6.390000,5.941722,3900
2020-04-15,6.810000,6.810000,6.440000,6.450000,5.997513,1000
2020-04-16,6.170000,6.520000,6.170000,6.480000,6.025408,3400
2020-04-17,6.500000,6.620000,6.500000,6.620000,6.155587,4300
2020-04-20,6.600000,6.600000,6.500000,6.500000,6.044005,2000
2020-04-21,6.990000,6.990000,6.330000,6.440000,5.988214,3400
2020-04-22,6.260000,6.440000,6.260000,6.440000,5.988214,1100
2020-04-23,6.490000,6.490000,6.400000,6.450000,5.997513,3200
2020-04-24,6.790000,7.560000,6.310000,6.310000,5.867334,26000
2020-04-27,6.380000,6.570000,6.340000,6.430000,5.978916,16100
2020-04-28,6.400000,6.400000,6.250000,6.300000,5.858036,4700
2020-04-29,6.710000,6.870000,6.600000,6.830000,6.350854,16700
2020-04-30,6.390000,6.660000,6.370000,6.570000,6.109095,8800
2020-05-01,6.400000,6.460000,6.400000,6.460000,6.006811,6800
2020-05-04,6.460000,6.460000,6.460000,6.460000,6.006811,0
2020-05-05,6.420000,6.420000,6.420000,6.420000,5.969617,800
2020-05-06,6.420000,6.420000,6.420000,6.420000,5.969617,0
2020-05-07,6.410000,6.630000,6.410000,6.500000,6.044005,3900
2020-05-08,6.500000,6.500000,6.500000,6.500000,6.044005,0
2020-05-11,6.500000,6.560000,6.500000,6.560000,6.099796,8600
2020-05-12,6.440000,6.440000,6.440000,6.440000,5.988214,600
2020-05-13,6.400000,6.400000,6.340000,6.350000,5.904528,1300
2020-05-14,7.190000,7.190000,6.300000,6.790000,6.313661,24200
2020-05-15,6.700000,6.700000,6.700000,6.700000,6.229974,200
2020-05-18,6.880000,7.090000,6.880000,7.010000,6.518227,4700
2020-05-19,6.910000,6.910000,6.520000,6.520000,6.062602,200
2020-05-20,6.700000,6.700000,6.470000,6.700000,6.229974,8400
2020-05-21,6.690000,6.700000,6.530000,6.620000,6.155587,16400
2020-05-22,6.650000,6.690000,6.650000,6.690000,6.220676,1800
2020-05-26,6.700000,6.860000,6.680000,6.840000,6.360153,9200
2020-05-27,6.900000,6.900000,6.850000,6.900000,6.415944,2000
2020-05-28,7.000000,7.000000,6.860000,6.920000,6.434541,1400
2020-05-29,6.860000,6.920000,6.860000,6.880000,6.397347,3500
2020-06-01,6.870000,6.900000,6.870000,6.900000,6.415944,1000
2020-06-02,6.800000,6.920000,6.780000,6.870000,6.388048,7200
2020-06-03,6.870000,6.870000,6.870000,6.870000,6.388048,4500
2020-06-04,6.870000,6.870000,6.870000,6.870000,6.388048,0
2020-06-05,7.000000,7.000000,6.960000,6.980000,6.490332,8400
2020-06-08,6.970000,7.100000,6.810000,7.100000,6.601913,6800
2020-06-09,7.000000,7.050000,6.990000,6.990000,6.499630,4200
2020-06-10,6.990000,7.000000,6.960000,6.960000,6.471735,4400
2020-06-11,6.850000,6.850000,6.720000,6.720000,6.248571,1300
2020-06-12,6.820000,6.970000,6.650000,6.690000,6.220676,6300
2020-06-15,6.600000,7.650000,6.600000,6.790000,6.313661,20500
2020-06-16,6.920000,6.950000,6.900000,6.950000,6.462436,1400
2020-06-17,7.000000,7.000000,6.770000,6.800000,6.322959,2000
2020-06-18,6.810000,6.880000,6.680000,6.880000,6.397347,3000
2020-06-19,6.950000,7.000000,6.940000,7.000000,6.508929,1000
2020-06-22,7.110000,7.110000,6.790000,6.790000,6.313661,1800
2020-06-23,7.000000,7.000000,7.000000,7.000000,6.508929,200
2020-06-24,6.850000,6.850000,6.800000,6.800000,6.322959,3400
2020-06-25,6.730000,6.820000,6.730000,6.760000,6.285766,5500
2020-06-26,6.750000,6.750000,6.700000,6.700000,6.229974,3200
2020-06-29,6.910000,6.910000,6.630000,6.630000,6.164886,4400
2020-06-30,6.660000,6.660000,6.660000,6.660000,6.192780,1200
2020-07-01,6.720000,6.730000,6.720000,6.730000,6.257870,700
2020-07-02,6.730000,6.730000,6.730000,6.730000,6.257870,0
2020-07-06,6.700000,6.870000,6.700000,6.770000,6.295064,1600
2020-07-07,6.870000,6.990000,6.740000,6.770000,6.295064,2300
2020-07-08,6.770000,6.770000,6.760000,6.760000,6.285766,400
2020-07-09,6.740000,6.850000,6.740000,6.740000,6.267168,3300
2020-07-10,6.760000,6.760000,6.730000,6.760000,6.285766,4200
2020-07-13,6.760000,6.800000,6.710000,6.750000,6.276467,9300
2020-07-14,6.800000,6.800000,6.700000,6.770000,6.295064,9300
2020-07-15,6.660000,6.760000,6.660000,6.720000,6.248571,16600
2020-07-16,6.640000,6.770000,6.640000,6.760000,6.285766,11100
2020-07-17,6.800000,6.810000,6.800000,6.810000,6.332258,5000
2020-07-20,6.770000,6.770000,6.770000,6.770000,6.295064,1400
2020-07-21,6.810000,6.870000,6.800000,6.840000,6.360153,9400
2020-07-22,6.770000,6.830000,6.710000,6.760000,6.285766,18200
2020-07-23,6.760000,6.770000,6.750000,6.770000,6.295064,2400
2020-07-24,6.780000,6.780000,6.640000,6.670000,6.202079,12300
2020-07-27,6.710000,7.000000,6.710000,6.900000,6.415944,9000
2020-07-28,6.820000,6.950000,6.820000,6.820000,6.341556,1200
2020-07-29,6.990000,6.990000,6.900000,6.930000,6.443839,2500
2020-07-30,6.900000,6.900000,6.850000,6.890000,6.406645,1800
2020-07-31,6.910000,6.920000,6.820000,6.870000,6.388048,4000
2020-08-03,6.950000,7.000000,6.950000,7.000000,6.508929,600
2020-08-04,7.030000,7.120000,6.760000,7.120000,6.620510,11000
2020-08-05,6.630000,7.160000,6.630000,7.160000,6.657704,8000
2020-08-06,7.100000,7.170000,7.100000,7.100000,6.601913,8100
2020-08-07,7.170000,7.170000,7.150000,7.170000,6.667003,4200
2020-08-10,7.080000,7.210000,7.080000,7.210000,6.704196,5800
2020-08-11,7.220000,7.290000,7.220000,7.290000,6.778584,4500
2020-08-12,7.180000,7.260000,7.180000,7.260000,6.750689,15900
2020-08-13,7.300000,7.300000,7.190000,7.290000,6.778584,5400
2020-08-14,7.290000,7.290000,7.240000,7.240000,6.732091,700
2020-08-17,7.240000,7.240000,7.240000,7.240000,6.732091,0
2020-08-18,7.300000,7.300000,7.300000,7.300000,6.787883,500
2020-08-19,7.270000,7.270000,7.260000,7.260000,6.750689,3800
2020-08-20,7.200000,7.200000,7.160000,7.160000,6.657704,3100
2020-08-21,7.120000,7.210000,7.120000,7.150000,6.648406,5000
2020-08-24,7.240000,7.280000,7.230000,7.280000,6.769286,4300
2020-08-25,7.240000,7.290000,7.230000,7.230000,6.722794,2400
2020-08-26,7.290000,7.300000,7.170000,7.230000,6.722794,5000
2020-08-27,7.220000,7.220000,7.150000,7.150000,6.648406,4200
2020-08-28,7.200000,7.200000,7.190000,7.200000,6.694898,5600
2020-08-31,7.200000,7.200000,7.190000,7.190000,6.685600,3400
2020-09-01,7.170000,7.190000,7.150000,7.170000,6.667003,12700
2020-09-02,7.130000,7.260000,7.110000,7.260000,6.750689,19400
2020-09-03,7.230000,7.230000,7.100000,7.100000,6.601913,2400
2020-09-04,7.110000,7.250000,7.050000,7.190000,6.685600,2900
2020-09-08,7.040000,7.120000,7.040000,7.110000,6.611212,3600
2020-09-09,7.140000,7.280000,7.110000,7.160000,6.657704,5800
2020-09-10,7.180000,7.240000,7.180000,7.190000,6.685600,2300
2020-09-11,7.140000,7.140000,7.120000,7.120000,6.620510,3600
2020-09-14,7.120000,7.200000,7.120000,7.190000,6.685600,7700
2020-09-15,7.300000,7.300000,7.240000,7.250000,6.741390,1500
2020-09-16,7.270000,7.280000,7.220000,7.230000,6.722794,5400
2020-09-17,7.230000,7.230000,7.230000,7.230000,6.722794,0
2020-09-18,7.250000,7.250000,7.120000,7.120000,6.620510,2900
2020-09-21,7.020000,7.040000,6.700000,6.880000,6.397347,11800
2020-09-22,6.970000,6.970000,6.970000,6.970000,6.481033,100
2020-09-23,6.760000,6.800000,6.760000,6.800000,6.322959,1400
2020-09-24,6.830000,6.830000,6.750000,6.760000,6.285766,6600
2020-09-25,6.650000,6.820000,6.650000,6.820000,6.341556,1300
2020-09-28,6.950000,6.980000,6.950000,6.980000,6.490332,2600
2020-09-29,6.980000,6.980000,6.980000,6.980000,6.490332,0
2020-09-30,7.000000,7.090000,7.000000,7.090000,6.592615,3600
2020-10-01,7.050000,7.080000,7.050000,7.080000,6.583316,4700
2020-10-02,6.880000,6.910000,6.800000,6.800000,6.322959,9100
2020-10-05,6.880000,6.950000,6.880000,6.940000,6.453138,11700
2020-10-06,7.000000,7.030000,7.000000,7.030000,6.536824,2500
2020-10-07,7.050000,7.070000,7.000000,7.020000,6.527525,9100
2020-10-08,7.070000,7.090000,7.060000,7.090000,6.592615,1500
2020-10-09,7.100000,7.140000,6.880000,6.890000,6.406645,14000
2020-10-12,7.000000,7.130000,6.900000,7.070000,6.574018,8700
2020-10-13,7.040000,7.040000,6.980000,6.980000,6.490332,6600
2020-10-14,6.980000,6.990000,6.980000,6.990000,6.499630,1000
2020-10-15,6.980000,6.980000,6.980000,6.980000,6.490332,600
2020-10-16,6.980000,7.020000,6.980000,7.020000,6.527525,1500
2020-10-19,7.030000,7.030000,6.980000,6.990000,6.499630,2400
2020-10-20,6.980000,7.030000,6.980000,7.030000,6.536824,7000
2020-10-21,7.050000,7.170000,7.030000,7.170000,6.667003,3100
2020-10-22,7.070000,7.120000,7.070000,7.100000,6.601913,4500
2020-10-23,7.120000,7.150000,7.070000,7.100000,6.601913,14600
2020-10-26,7.110000,7.140000,7.080000,7.120000,6.620510,3900
2020-10-27,7.130000,7.130000,7.130000,7.130000,6.629809,800
2020-10-28,7.090000,7.570000,6.960000,7.290000,6.778584,26500
2020-10-29,7.240000,7.280000,7.210000,7.270000,6.759987,3800
2020-10-30,7.250000,7.250000,7.130000,7.170000,6.667003,2400
2020-11-02,7.200000,7.200000,7.200000,7.200000,6.694898,300
2020-11-03,7.250000,7.310000,7.250000,7.310000,6.797181,3900
2020-11-04,7.310000,7.450000,7.310000,7.360000,6.843674,1700
2020-11-05,7.480000,7.500000,7.480000,7.500000,6.973852,1700
2020-11-06,7.490000,7.490000,7.460000,7.470000,6.945956,1700
2020-11-09,7.600000,7.660000,7.600000,7.600000,7.066837,12300
2020-11-10,7.520000,7.550000,7.520000,7.550000,7.020345,3600
2020-11-11,7.540000,7.620000,7.540000,7.620000,7.085433,2300
2020-11-12,7.650000,7.700000,7.480000,7.550000,7.020345,3300
2020-11-13,7.220000,7.780000,7.220000,7.680000,7.141224,11600
2020-11-16,7.710000,7.750000,7.710000,7.730000,7.187717,1100
2020-11-17,7.760000,7.760000,7.730000,7.730000,7.187717,1500
2020-11-18,7.730000,7.730000,7.730000,7.730000,7.187717,0
2020-11-19,7.710000,7.710000,7.710000,7.710000,7.169120,500
2020-11-20,7.720000,7.720000,7.710000,7.710000,7.169120,2300
2020-11-23,7.740000,7.740000,7.500000,7.530000,7.001748,9500
2020-11-24,7.640000,7.790000,7.600000,7.790000,7.243508,8500
2020-11-25,7.790000,7.860000,7.770000,7.810000,7.262105,7500
2020-11-27,7.640000,7.880000,7.640000,7.700000,7.159822,12600
2020-11-30,7.730000,7.730000,7.650000,7.650000,7.113329,6700
2020-12-01,7.820000,7.870000,7.760000,7.840000,7.290000,18100
2020-12-02,7.900000,7.900000,7.820000,7.840000,7.290000,6200
2020-12-03,7.260000,7.500000,7.250000,7.400000,7.400000,4300
2020-12-04,7.400000,7.400000,7.360000,7.400000,7.400000,11400
2020-12-07,7.390000,7.390000,7.200000,7.200000,7.200000,10200
2020-12-08,7.280000,7.330000,7.070000,7.330000,7.330000,11700
2020-12-09,7.260000,7.290000,7.150000,7.240000,7.240000,7200
2020-12-10,7.190000,7.190000,7.150000,7.170000,7.170000,5500
2020-12-11,7.150000,7.230000,7.140000,7.220000,7.220000,2400