Date,Open,High,Low,Close,Adj Close,Volume
2013-05-03,5.750000,5.750000,5.750000,5.750000,4.066773,200
2013-05-06,5.750000,5.750000,5.750000,5.750000,4.066773,0
2013-05-07,5.750000,5.750000,5.750000,5.750000,4.066773,400
2013-05-08,5.750000,5.750000,5.750000,5.750000,4.066773,0
2013-05-09,5.750000,5.750000,5.750000,5.750000,4.066773,0
2013-05-10,5.750000,5.750000,5.750000,5.750000,4.066773,0
2013-05-13,5.750000,5.750000,5.750000,5.750000,4.066773,0
2013-05-14,5.750000,5.750000,5.750000,5.750000,4.066773,0
2013-05-15,5.750000,5.750000,5.750000,5.750000,4.066773,0
2013-05-16,6.000000,6.000000,6.000000,6.000000,4.243590,100
2013-05-17,6.000000,6.000000,6.000000,6.000000,4.243590,0
2013-05-20,6.000000,6.000000,6.000000,6.000000,4.243590,0
2013-05-21,6.000000,6.000000,6.000000,6.000000,4.243590,0
2013-05-22,6.000000,6.000000,6.000000,6.000000,4.243590,0
2013-05-23,6.000000,6.000000,6.000000,6.000000,4.243590,0
2013-05-24,6.000000,6.000000,6.000000,6.000000,4.243590,0
2013-05-28,6.000000,6.000000,6.000000,6.000000,4.243590,0
2013-05-29,6.000000,6.000000,6.000000,6.000000,4.243590,0
2013-05-30,6.000000,6.000000,6.000000,6.000000,4.243590,0
2013-05-31,6.000000,6.000000,6.000000,6.000000,4.243590,0
2013-06-03,6.000000,6.000000,6.000000,6.000000,4.243590,0
2013-06-04,6.000000,6.000000,6.000000,6.000000,4.243590,0
2013-06-05,6.000000,6.000000,6.000000,6.000000,4.243590,0
2013-06-06,6.000000,6.000000,6.000000,6.000000,4.243590,0
2013-06-07,6.000000,6.000000,6.000000,6.000000,4.243590,0
2013-06-10,6.000000,6.000000,6.000000,6.000000,4.243590,0
2013-06-11,6.000000,6.000000,6.000000,6.000000,4.243590,0
2013-06-12,6.000000,6.000000,6.000000,6.000000,4.243590,0
2013-06-13,6.000000,6.000000,6.000000,6.000000,4.243590,0
2013-06-14,6.000000,6.000000,6.000000,6.000000,4.243590,0
2013-06-17,6.000000,6.000000,6.000000,6.000000,4.243590,0
2013-06-18,6.000000,6.000000,6.000000,6.000000,4.243590,0
2013-06-19,6.000000,6.000000,6.000000,6.000000,4.243590,0
2013-06-20,6.000000,6.000000,6.000000,6.000000,4.243590,0
2013-06-21,6.000000,6.000000,6.000000,6.000000,4.243590,0
2013-06-24,6.000000,6.000000,6.000000,6.000000,4.243590,0
2013-06-25,6.000000,6.000000,6.000000,6.000000,4.243590,0
2013-06-26,6.000000,6.000000,6.000000,6.000000,4.243590,0
2013-06-27,6.000000,6.000000,6.000000,6.000000,4.243590,0
2013-06-28,6.300000,6.300000,6.300000,6.300000,4.455770,100
2013-07-01,6.300000,6.300000,6.300000,6.300000,4.455770,0
2013-07-02,6.300000,6.300000,6.300000,6.300000,4.455770,0
2013-07-03,6.300000,6.300000,6.300000,6.300000,4.455770,0
2013-07-05,6.300000,6.300000,6.300000,6.300000,4.455770,0
2013-07-08,6.300000,6.300000,6.300000,6.300000,4.455770,0
2013-07-09,6.300000,6.300000,6.300000,6.300000,4.455770,0
2013-07-10,6.500000,6.500000,6.500000,6.500000,4.597222,400
2013-07-11,6.500000,6.500000,6.500000,6.500000,4.597222,0
2013-07-12,6.500000,6.500000,6.500000,6.500000,4.597222,0
2013-07-15,6.500000,6.500000,6.500000,6.500000,4.597222,0
2013-07-16,6.500000,6.500000,6.500000,6.500000,4.597222,0
2013-07-17,6.500000,6.500000,6.500000,6.500000,4.597222,0
2013-07-18,6.500000,6.500000,6.500000,6.500000,4.597222,0
2013-07-19,6.500000,6.500000,6.500000,6.500000,4.597222,0
2013-07-22,6.500000,6.500000,6.500000,6.500000,4.597222,0
2013-07-23,6.500000,6.500000,6.500000,6.500000,4.597222,0
2013-07-24,6.500000,6.500000,6.500000,6.500000,4.597222,0
2013-07-25,6.500000,6.500000,6.500000,6.500000,4.597222,0
2013-07-26,6.500000,6.500000,6.500000,6.500000,4.597222,0
2013-07-29,6.500000,6.500000,6.500000,6.500000,4.597222,0
2013-07-30,6.500000,6.500000,6.500000,6.500000,4.597222,0
2013-07-31,6.500000,6.500000,6.500000,6.500000,4.597222,0
2013-08-01,6.500000,6.500000,6.500000,6.500000,4.597222,0
2013-08-02,6.500000,6.500000,6.500000,6.500000,4.597222,0
2013-08-05,6.500000,6.500000,6.500000,6.500000,4.597222,0
2013-08-06,6.500000,6.500000,6.500000,6.500000,4.597222,0
2013-08-07,6.500000,6.500000,6.500000,6.500000,4.597222,0
2013-08-08,6.500000,6.500000,6.500000,6.500000,4.597222,0
2013-08-09,6.500000,6.500000,6.500000,6.500000,4.597222,0
2013-08-12,6.500000,6.500000,6.500000,6.500000,4.597222,0
2013-08-13,6.500000,6.500000,6.500000,6.500000,4.597222,0
2013-08-14,7.000000,7.000000,7.000000,7.000000,4.950855,300
2013-08-15,7.000000,7.000000,7.000000,7.000000,4.950855,0
2013-08-16,7.000000,7.000000,7.000000,7.000000,4.950855,0
2013-08-19,7.000000,7.000000,7.000000,7.000000,4.950855,0
2013-08-20,7.000000,7.000000,7.000000,7.000000,4.950855,0
2013-08-21,7.000000,7.000000,7.000000,7.000000,4.950855,0
2013-08-22,7.000000,7.000000,7.000000,7.000000,4.950855,0
2013-08-23,7.000000,7.000000,7.000000,7.000000,4.950855,0
2013-08-26,7.000000,7.000000,7.000000,7.000000,4.950855,0
2013-08-27,7.000000,7.000000,7.000000,7.000000,4.950855,0
2013-08-28,7.000000,7.000000,7.000000,7.000000,4.950855,0
2013-08-29,7.000000,7.000000,7.000000,7.000000,4.950855,0
2013-08-30,7.000000,7.000000,7.000000,7.000000,4.950855,0
2013-09-03,7.000000,7.000000,7.000000,7.000000,4.950855,0
2013-09-04,7.000000,7.000000,7.000000,7.000000,4.950855,0
2013-09-05,7.000000,7.000000,7.000000,7.000000,4.950855,0
2013-09-06,7.000000,7.000000,7.000000,7.000000,4.950855,0
2013-09-09,7.000000,7.000000,7.000000,7.000000,4.950855,0
2013-09-10,7.000000,7.000000,7.000000,7.000000,4.950855,0
2013-09-11,7.000000,7.000000,7.000000,7.000000,4.950855,0
2013-09-12,7.000000,7.000000,7.000000,7.000000,4.950855,0
2013-09-13,7.000000,7.000000,7.000000,7.000000,4.950855,0
2013-09-16,7.000000,7.000000,7.000000,7.000000,4.950855,0
2013-09-17,7.000000,7.000000,7.000000,7.000000,4.950855,0
2013-09-18,7.000000,7.200000,6.950000,7.000000,4.950855,124700
2013-09-19,7.000000,7.200000,6.950000,7.080000,5.007436,186000
2013-09-20,7.120000,7.500000,7.120000,7.300000,5.163034,29400
2013-09-23,7.500000,7.500000,7.150000,7.500000,5.304487,5900
2013-09-24,7.500000,7.680000,7.499000,7.500000,5.304487,9600
2013-09-25,7.600000,8.980000,7.600000,8.000000,5.658120,12400
2013-09-26,8.140000,8.240000,8.050000,8.189000,5.791793,7300
2013-09-27,8.050000,8.300000,8.040000,8.300000,5.870299,6700
2013-09-30,8.300000,8.300000,8.300000,8.300000,5.870299,0
2013-10-01,8.290000,8.290000,8.090000,8.090000,5.721774,3100
2013-10-02,8.132000,8.132000,8.090000,8.090000,5.721774,3900
2013-10-03,8.070000,8.134000,8.000000,8.134000,5.752893,11300
2013-10-04,8.050000,8.100000,8.050000,8.091000,5.722480,1400
2013-10-07,8.050000,8.050000,8.050000,8.050000,5.693483,2800
2013-10-08,8.099000,8.099000,8.000000,8.000000,5.658120,4900
2013-10-09,7.551000,7.710000,7.550000,7.610000,5.382287,5100
2013-10-10,8.050000,8.050000,8.050000,8.050000,5.693483,1700
2013-10-11,8.100000,8.100000,8.050000,8.100000,5.728847,8300
2013-10-14,7.810000,7.810000,7.810000,7.810000,5.523739,200
2013-10-15,7.810000,7.810000,7.810000,7.810000,5.523739,0
2013-10-16,8.100000,8.500000,7.750000,8.500000,6.011752,2400
2013-10-17,8.250000,8.250000,8.249000,8.250000,5.834936,2100
2013-10-18,8.250000,8.250000,8.249000,8.250000,5.834936,1900
2013-10-21,8.100000,8.100000,8.000000,8.000000,5.658120,11700
2013-10-22,8.000000,8.000000,8.000000,8.000000,5.658120,0
2013-10-23,8.000000,8.000000,7.790000,7.790000,5.509594,300
2013-10-24,8.000000,8.050000,7.800000,7.800000,5.516667,14900
2013-10-25,8.000000,8.000000,8.000000,8.000000,5.658120,1300
2013-10-28,8.000000,8.000000,8.000000,8.000000,5.658120,0
2013-10-29,8.000000,8.000000,8.000000,8.000000,5.658120,0
2013-10-30,8.000000,8.000000,8.000000,8.000000,5.658120,0
2013-10-31,8.000000,8.000000,8.000000,8.000000,5.658120,0
2013-11-01,8.570000,8.570000,8.570000,8.570000,6.061261,1600
2013-11-04,8.600000,8.600000,8.100000,8.200000,5.799572,3700
2013-11-05,8.830000,8.890000,8.470000,8.500000,6.011752,1800
2013-11-06,8.499000,8.500000,8.383000,8.400000,5.941025,5300
2013-11-07,8.400000,8.440000,8.400000,8.400000,5.941025,3700
2013-11-08,8.400000,8.850000,8.400000,8.750000,6.188569,3200
2013-11-11,8.860000,8.890000,8.500000,8.750000,6.188569,12200
2013-11-12,8.940000,9.000000,8.460000,8.600000,6.082479,20000
2013-11-13,8.590000,8.620000,8.590000,8.620000,6.096624,300
2013-11-14,8.610000,8.810000,8.600000,8.600000,6.082479,8000
2013-11-15,8.600000,8.600000,8.600000,8.600000,6.082479,100
2013-11-18,8.800000,8.950000,8.750000,8.950000,6.330021,1000
2013-11-19,8.950000,8.950000,8.800000,8.800000,6.223932,600
2013-11-20,8.604000,8.604000,8.600000,8.600000,6.082479,2500
2013-11-21,8.600000,8.999000,8.600000,8.999000,6.364677,3300
2013-11-22,8.600000,8.600000,8.600000,8.600000,6.082479,800
2013-11-25,8.760000,9.000000,8.760000,8.990000,6.358312,2600
2013-11-26,8.760000,8.900000,8.760000,8.900000,6.294658,200
2013-11-27,8.900000,8.900000,8.900000,8.900000,6.294658,0
2013-11-29,8.900000,8.900000,8.900000,8.900000,6.294658,0
2013-12-02,8.980000,9.000000,8.980000,9.000000,6.365385,1000
2013-12-03,9.010000,9.010000,9.010000,9.010000,6.372458,100
2013-12-04,9.010000,9.010000,9.010000,9.010000,6.372458,0
2013-12-05,9.010000,9.010000,9.010000,9.010000,6.372458,0
2013-12-06,9.010000,9.010000,9.010000,9.010000,6.372458,0
2013-12-09,8.990000,9.980000,8.970000,9.590000,6.782671,12100
2013-12-10,9.550000,10.340000,9.550000,10.300000,7.284829,8000
2013-12-11,10.100000,10.100000,9.990000,10.000000,7.072649,800
2013-12-12,9.970000,9.980000,9.970000,9.980000,7.058504,400
2013-12-13,10.000000,10.060000,10.000000,10.060000,7.115086,2500
2013-12-16,10.040000,10.100000,9.940000,10.100000,7.143376,6600
2013-12-17,9.990000,10.080000,9.990000,10.080000,7.129231,5800
2013-12-18,10.080000,10.080000,10.080000,10.080000,7.129231,0
2013-12-19,9.960000,9.960000,9.960000,9.960000,7.044359,1100
2013-12-20,10.150000,10.430000,9.960000,10.430000,7.376774,31100
2013-12-23,10.290000,10.290000,10.000000,10.020000,7.086795,21800
2013-12-24,10.020000,10.020000,10.020000,10.020000,7.086795,0
2013-12-26,10.190000,10.190000,10.000000,10.050000,7.108013,13000
2013-12-27,10.060000,10.260000,10.060000,10.189000,7.206323,16600
2013-12-30,10.250000,10.400000,10.200000,10.300000,7.284829,70500
2013-12-31,10.300000,10.300000,10.200000,10.300000,7.284829,32100
2014-01-02,10.300000,10.370000,10.250000,10.300000,7.284829,14700
2014-01-03,10.400000,10.590000,10.310000,10.310000,7.291902,9400
2014-01-06,10.310000,10.490000,10.310000,10.350000,7.320193,5400
2014-01-07,10.350000,10.370000,10.310000,10.370000,7.334338,5400
2014-01-08,10.360000,10.360000,10.250000,10.360000,7.327265,3300
2014-01-09,10.210000,10.340000,10.190000,10.340000,7.313120,1800
2014-01-10,10.350000,10.350000,10.270000,10.310000,7.291902,3000
2014-01-13,10.280000,10.280000,9.490000,9.959000,7.043652,15300
2014-01-14,9.960000,10.200000,9.636000,9.880000,6.987778,8200
2014-01-15,10.250000,10.290000,9.890000,10.050000,7.108013,6900
2014-01-16,10.100000,10.260000,10.100000,10.260000,7.256539,800
2014-01-17,10.080000,10.200000,10.070000,10.070000,7.122158,2600
2014-01-21,10.070000,10.200000,10.070000,10.200000,7.214102,2900
2014-01-22,10.100000,10.150000,10.100000,10.100000,7.143376,3200
2014-01-23,10.030000,10.140000,9.870000,10.090000,7.136303,15400
2014-01-24,9.900000,10.120000,9.900000,10.000000,7.072649,8400
2014-01-27,10.100000,10.110000,9.710000,9.750000,6.895833,17000
2014-01-28,9.750000,9.750000,9.720000,9.720000,6.874616,1400
2014-01-29,9.720000,10.000000,9.710000,9.800000,6.931197,79700
2014-01-30,9.800000,9.800000,9.800000,9.800000,6.931197,0
2014-01-31,9.900000,10.090000,9.710000,9.850000,6.966560,61500
2014-02-03,10.070000,10.070000,9.510000,9.670000,6.839252,29200
2014-02-04,9.580000,9.900000,9.480000,9.870000,6.980705,13400
2014-02-05,9.870000,9.930000,9.760000,9.840000,6.959487,6000
2014-02-06,10.011000,10.011000,9.750000,9.900000,7.001923,5200
2014-02-07,10.030000,10.050000,10.010000,10.050000,7.108013,1200
2014-02-10,10.020000,10.069000,9.990000,10.062000,7.116500,4800
2014-02-11,10.062000,10.062000,10.062000,10.062000,7.116500,0
2014-02-12,10.100000,10.100000,9.480000,9.480000,6.704872,2300
2014-02-13,10.040000,10.090000,9.850000,9.870000,6.980705,4000
2014-02-14,9.850000,10.100000,9.780000,10.100000,7.143376,8400
2014-02-18,9.660000,10.037000,9.650000,9.900000,7.001923,6600
2014-02-19,10.200000,10.200000,10.100000,10.150000,7.178739,4400
2014-02-20,10.000000,10.000000,10.000000,10.000000,7.072649,1000
2014-02-21,9.950000,10.220000,9.950000,10.220000,7.228248,2400
2014-02-24,9.890000,10.250000,9.860000,10.250000,7.249466,1800
2014-02-25,10.250000,10.250000,10.005000,10.005000,7.076186,1000
2014-02-26,10.250000,10.290000,10.050000,10.070000,7.122158,16300
2014-02-27,10.280000,10.300000,10.110000,10.150000,7.178739,18600
2014-02-28,10.150000,10.170000,10.150000,10.170000,7.192885,900
2014-03-03,10.300000,10.300000,10.180000,10.250000,7.249466,7800
2014-03-04,10.250000,10.290000,10.170000,10.260000,7.256539,7200
2014-03-05,10.150000,10.210000,10.150000,10.210000,7.221175,1900
2014-03-06,10.200000,10.200000,10.050000,10.050000,7.108013,2500
2014-03-07,10.050000,10.250000,8.820000,9.269000,6.555639,42400
2014-03-10,8.825000,9.140000,8.825000,9.090000,6.429039,3300
2014-03-11,8.900000,9.000000,8.850000,8.900000,6.294658,11000
2014-03-12,8.800000,9.060000,8.800000,9.060000,6.407821,4800
2014-03-13,9.000000,9.000000,8.800000,8.890000,6.287586,700
2014-03-14,8.900000,8.960000,8.830000,8.830000,6.245150,1600
2014-03-17,8.890000,8.980000,8.850000,8.970000,6.344167,6800
2014-03-18,8.900000,8.980000,8.900000,8.910000,6.301731,2500
2014-03-19,8.860000,8.910000,8.650000,8.910000,6.301731,26000
2014-03-20,8.600000,8.890000,8.600000,8.890000,6.287586,6100
2014-03-21,8.880000,8.900000,8.640000,8.900000,6.294658,700
2014-03-24,8.624000,8.900000,8.620000,8.900000,6.294658,3400
2014-03-25,8.610000,8.710000,8.610000,8.710000,6.160278,3900
2014-03-26,8.610000,8.610000,8.600000,8.600000,6.082479,7300
2014-03-27,8.670000,8.670000,8.670000,8.670000,6.131987,200
2014-03-28,8.611000,8.611000,8.600000,8.600000,6.082479,3000
2014-03-31,8.700000,8.700000,8.700000,8.700000,6.153205,300
2014-04-01,8.790000,8.790000,8.790000,8.790000,6.216859,100
2014-04-02,8.790000,8.860000,8.774000,8.860000,6.266367,3300
2014-04-03,8.870000,8.870000,8.850000,8.870000,6.273440,2000
2014-04-04,8.880000,9.130000,8.880000,9.130000,6.457329,3600
2014-04-07,8.710000,9.100000,8.710000,9.100000,6.436111,2500
2014-04-08,9.100000,9.100000,9.100000,9.100000,6.436111,1100
2014-04-09,9.040000,9.130000,9.040000,9.100000,6.436111,3100
2014-04-10,9.130000,9.130000,9.000000,9.000000,6.365385,4600
2014-04-11,9.100000,9.100000,9.100000,9.100000,6.436111,1100
2014-04-14,9.400000,9.400000,9.210000,9.210000,6.513910,200
2014-04-15,8.800000,9.750000,8.800000,9.750000,6.895833,11700
2014-04-16,9.750000,9.750000,9.750000,9.750000,6.895833,0
2014-04-17,9.600000,9.740000,8.980000,9.350000,6.612927,7900
2014-04-21,9.700000,9.700000,9.000000,9.400000,6.648290,5400
2014-04-22,9.030000,9.500000,8.710000,9.500000,6.719017,2100
2014-04-23,9.230000,9.600000,9.150000,9.150000,6.471474,4300
2014-04-24,9.300000,9.500000,9.300000,9.500000,6.719017,400
2014-04-25,9.500000,9.500000,9.120000,9.380000,6.634145,11100
2014-04-28,9.180000,9.240000,9.180000,9.180000,6.492692,300
2014-04-29,9.180000,9.180000,9.180000,9.180000,6.492692,0
2014-04-30,9.180000,9.180000,9.180000,9.180000,6.492692,0
2014-05-01,9.080000,9.160000,8.910000,8.990000,6.358312,1800
2014-05-02,9.200000,9.800000,9.020000,9.020000,6.379530,8400
2014-05-05,9.250000,9.690000,9.250000,9.480000,6.704872,9500
2014-05-06,9.480000,9.480000,9.480000,9.480000,6.704872,0
2014-05-07,9.480000,9.480000,9.480000,9.480000,6.704872,0
2014-05-08,9.260000,9.260000,8.900000,9.030000,6.386602,26700
2014-05-09,9.160000,9.160000,9.160000,9.160000,6.478547,400
2014-05-12,8.970000,9.000000,8.600000,8.750000,6.188569,25500
2014-05-13,8.700000,9.100000,8.600000,8.640000,6.110769,18900
2014-05-14,8.900000,8.900000,8.600000,8.600000,6.082479,18700
2014-05-15,8.300000,8.670000,8.300000,8.600000,6.082479,13100
2014-05-16,8.600000,8.600000,8.600000,8.600000,6.082479,0
2014-05-19,8.990000,8.990000,8.700000,8.710000,6.160278,1300
2014-05-20,8.700000,8.910000,8.550000,8.550000,6.047115,24400
2014-05-21,8.600000,8.650000,8.600000,8.650000,6.117842,10700
2014-05-22,8.600000,8.720000,8.600000,8.620000,6.096624,9500
2014-05-23,8.600000,8.600000,8.600000,8.600000,6.082479,600
2014-05-27,8.600000,8.600000,8.600000,8.600000,6.082479,1000
2014-05-28,8.610000,8.610000,8.610000,8.610000,6.089551,300
2014-05-29,8.640000,9.200000,8.640000,8.700000,6.153205,23300
2014-05-30,8.610000,8.950000,8.610000,8.700000,6.153205,11200
2014-06-02,8.700000,8.700000,8.600000,8.600000,6.082479,1200
2014-06-03,8.900000,8.900000,8.600000,8.600000,6.082479,4200
2014-06-04,8.640000,8.750000,8.600000,8.600000,6.082479,17300
2014-06-05,8.600000,8.650000,8.600000,8.650000,6.117842,1200
2014-06-06,8.680000,8.770000,8.680000,8.750000,6.188569,1000
2014-06-09,8.700000,8.710000,8.600000,8.600000,6.082479,12500
2014-06-10,8.600000,8.600000,8.500000,8.500000,6.011752,18300
2014-06-11,8.400000,8.400000,8.400000,8.400000,5.941025,100
2014-06-12,8.300000,8.300000,8.300000,8.300000,5.870299,2000
2014-06-13,8.300000,8.300000,8.300000,8.300000,5.870299,10500
2014-06-16,8.300000,8.590000,8.300000,8.590000,6.075406,7900
2014-06-17,8.460000,8.460000,8.460000,8.460000,5.983461,500
2014-06-18,8.300000,8.980000,8.300000,8.310000,5.877372,9600
2014-06-19,8.750000,8.750000,8.310000,8.450000,5.976389,1000
2014-06-20,8.300000,8.350000,8.300000,8.300000,5.870299,700
2014-06-23,8.300000,8.385000,8.300000,8.385000,5.930417,3800
2014-06-24,8.309000,8.309000,8.300000,8.300000,5.870299,400
2014-06-25,8.300000,8.300000,8.300000,8.300000,5.870299,0
2014-06-26,8.300000,8.300000,8.300000,8.300000,5.870299,0
2014-06-27,8.640000,8.640000,8.640000,8.640000,6.110769,200
2014-06-30,8.310000,8.700000,8.310000,8.320000,5.884444,500
2014-07-01,8.340000,8.340000,8.300000,8.300000,5.870299,2300
2014-07-02,8.270000,8.300000,8.040000,8.040000,5.686410,12900
2014-07-03,8.040000,8.040000,8.040000,8.040000,5.686410,500
2014-07-07,8.060000,8.150000,8.060000,8.060000,5.700556,1500
2014-07-08,8.050000,8.050000,8.050000,8.050000,5.693483,100
2014-07-09,8.020000,8.060000,8.000000,8.000000,5.658120,1500
2014-07-10,8.000000,8.000000,8.000000,8.000000,5.658120,5000
2014-07-11,8.000000,8.010000,8.000000,8.010000,5.665193,2200
2014-07-14,8.050000,8.050000,8.000000,8.040000,5.686410,1000
2014-07-15,8.000000,8.000000,8.000000,8.000000,5.658120,100
2014-07-16,8.040000,8.040000,8.000000,8.000000,5.658120,200
2014-07-17,8.000000,8.020000,8.000000,8.020000,5.672266,15500
2014-07-18,8.045000,8.050000,8.045000,8.050000,5.693483,1000
2014-07-21,8.000000,8.000000,8.000000,8.000000,5.658120,100
2014-07-22,8.000000,8.009000,8.000000,8.009000,5.664485,1000
2014-07-23,8.034000,8.040000,8.034000,8.037000,5.684289,3700
2014-07-24,8.040000,8.120000,8.000000,8.000000,5.658120,8300
2014-07-25,8.120000,8.120000,8.111000,8.120000,5.742991,3000
2014-07-28,8.000000,8.110000,8.000000,8.080000,5.714701,11900
2014-07-29,8.000000,8.010000,8.000000,8.010000,5.665193,2800
2014-07-30,8.010000,8.010000,8.010000,8.010000,5.665193,0
2014-07-31,8.010000,8.010000,8.010000,8.010000,5.665193,0
2014-08-01,8.010000,8.010000,8.010000,8.010000,5.665193,0
2014-08-04,8.120000,8.120000,8.120000,8.120000,5.742991,1000
2014-08-05,7.510000,7.510000,7.510000,7.510000,5.311560,200
2014-08-06,7.510000,7.510000,7.510000,7.510000,5.311560,0
2014-08-07,7.510000,7.510000,7.510000,7.510000,5.311560,0
2014-08-08,7.510000,7.510000,7.510000,7.510000,5.311560,0
2014-08-11,7.510000,7.510000,7.510000,7.510000,5.311560,0
2014-08-12,7.510000,7.510000,7.510000,7.510000,5.311560,0
2014-08-13,7.510000,7.510000,7.510000,7.510000,5.311560,0
2014-08-14,7.510000,7.510000,7.510000,7.510000,5.311560,0
2014-08-15,7.760000,7.760000,7.750000,7.750000,5.481303,500
2014-08-18,7.750000,7.750000,7.750000,7.750000,5.481303,0
2014-08-19,7.750000,7.750000,7.750000,7.750000,5.481303,0
2014-08-20,8.150000,8.330000,8.150000,8.330000,5.891517,700
2014-08-21,8.320000,8.580000,8.160000,8.200000,5.799572,800
2014-08-22,8.350000,8.350000,8.200000,8.205000,5.803109,1200
2014-08-25,8.205000,8.205000,8.205000,8.205000,5.803109,0
2014-08-26,8.700000,8.700000,8.700000,8.700000,6.153205,200
2014-08-27,8.330000,8.700000,8.330000,8.700000,6.153205,6100
2014-08-28,8.645000,8.645000,8.250000,8.250000,5.834936,600
2014-08-29,8.520000,8.520000,8.500000,8.500000,6.011752,900
2014-09-02,8.330000,8.350000,8.330000,8.350000,5.905663,600
2014-09-03,8.370000,8.370000,8.370000,8.370000,5.919807,200
2014-09-04,8.370000,8.370000,8.370000,8.370000,5.919807,0
2014-09-05,8.350000,8.350000,8.350000,8.350000,5.905663,1400
2014-09-08,8.309000,8.350000,8.309000,8.350000,5.905663,4500
2014-09-09,8.270000,8.450000,8.270000,8.450000,5.976389,800
2014-09-10,8.260000,8.449000,8.260000,8.449000,5.975682,400
2014-09-11,8.449000,8.449000,8.449000,8.449000,5.975682,0
2014-09-12,8.350000,8.350000,8.350000,8.350000,5.905663,600
2014-09-15,8.350000,8.350000,7.940000,8.270000,5.849082,8100
2014-09-16,8.000000,8.200000,8.000000,8.140000,5.757137,8500
2014-09-17,8.050000,8.050000,8.000000,8.000000,5.658120,3200
2014-09-18,8.060000,8.060000,8.020000,8.052000,5.694898,800
2014-09-19,8.020000,8.260000,8.020000,8.260000,5.842009,600
2014-09-22,7.580000,7.580000,7.580000,7.580000,5.361068,1000
2014-09-23,7.610000,8.300000,7.610000,8.299000,5.869592,1600
2014-09-24,8.200000,8.200000,8.000000,8.000000,5.658120,6000
2014-09-25,8.000000,8.000000,8.000000,8.000000,5.658120,0
2014-09-26,8.000000,8.000000,8.000000,8.000000,5.658120,0
2014-09-29,8.000000,8.000000,8.000000,8.000000,5.658120,7100
2014-09-30,8.050000,8.090000,8.000000,8.036000,5.683581,8800
2014-10-01,8.062000,8.062000,8.062000,8.062000,5.701970,2100
2014-10-02,8.062000,8.062000,8.062000,8.062000,5.701970,0
2014-10-03,8.062000,8.062000,8.062000,8.062000,5.701970,0
2014-10-06,8.062000,8.062000,8.062000,8.062000,5.701970,0
2014-10-07,8.062000,8.062000,8.062000,8.062000,5.701970,0
2014-10-08,8.062000,8.062000,8.062000,8.062000,5.701970,0
2014-10-09,7.799000,7.851000,7.570000,7.570000,5.353996,4100
2014-10-10,7.649000,7.802000,7.500000,7.560000,5.346923,27600
2014-10-13,7.700000,7.900000,7.600000,7.770000,5.495449,6200
2014-10-14,7.699000,7.851000,7.630000,7.802000,5.518081,6400
2014-10-15,7.699000,7.800000,7.649000,7.790000,5.509594,10400
2014-10-16,7.710000,8.140000,7.700000,8.140000,5.757137,4300
2014-10-17,8.140000,8.140000,7.650000,7.740000,5.474231,8200
2014-10-20,7.649000,7.980000,7.649000,7.980000,5.643974,5500
2014-10-21,7.780000,8.100000,7.649000,8.100000,5.728847,40000
2014-10-22,7.910000,7.960000,7.800000,7.880000,5.573248,4300
2014-10-23,7.880000,7.880000,7.880000,7.880000,5.573248,0
2014-10-24,7.880000,7.880000,7.880000,7.880000,5.573248,0
2014-10-27,7.880000,7.880000,7.880000,7.880000,5.573248,0
2014-10-28,7.650000,8.000000,7.650000,8.000000,5.658120,4700
2014-10-29,7.670000,7.920000,7.510000,7.510000,5.311560,2600
2014-10-30,7.649000,7.770000,7.600000,7.701000,5.446648,6100
2014-10-31,7.980000,7.990000,7.940000,7.990000,5.651047,1400
2014-11-03,7.810000,7.810000,7.810000,7.810000,5.523739,700
2014-11-04,7.764000,7.764000,7.750000,7.750000,5.481303,900
2014-11-05,7.750000,7.750000,7.750000,7.750000,5.481303,0
2014-11-06,7.772000,8.000000,7.760000,8.000000,5.658120,2300
2014-11-07,8.000000,8.000000,7.950000,7.950000,5.622756,500
2014-11-10,7.780000,7.780000,7.510000,7.510000,5.311560,1100
2014-11-11,7.540000,7.540000,7.500000,7.500000,5.304487,11000
2014-11-12,7.690000,7.690000,7.620000,7.650000,5.410577,700
2014-11-13,7.800000,8.800000,7.800000,8.200000,5.799572,11800
2014-11-14,8.500000,8.790000,8.499000,8.770000,6.202714,4900
2014-11-17,8.800000,9.010000,8.800000,9.010000,6.372458,15700
2014-11-18,9.010000,9.170000,9.010000,9.170000,6.485620,4000
2014-11-19,9.170000,9.390000,9.169000,9.390000,6.641218,4000
2014-11-20,9.080000,9.190000,8.950000,9.190000,6.499765,3700
2014-11-21,9.190000,9.190000,9.190000,9.190000,6.499765,0
2014-11-24,9.390000,9.440000,9.260000,9.390000,6.641218,6600
2014-11-25,9.450000,9.450000,9.200000,9.220000,6.520983,3100
2014-11-26,9.210000,9.250000,9.190000,9.250000,6.542201,6400
2014-11-28,9.190000,9.250000,9.190000,9.190000,6.499765,600
2014-12-01,9.190000,9.200000,9.170000,9.170000,6.485620,2300
2014-12-02,9.170000,9.320000,8.800000,9.200000,6.506837,41700
2014-12-03,9.200000,9.430000,9.037000,9.037000,6.391553,4900
2014-12-04,9.010000,9.200000,9.010000,9.050000,6.400748,6600
2014-12-05,9.020000,9.120000,9.010000,9.040000,6.393675,13700
2014-12-08,9.040000,9.310000,9.040000,9.140000,6.464402,6500
2014-12-09,9.160000,9.270000,9.040000,9.160000,6.478547,1500
2014-12-10,9.191000,9.191000,9.191000,9.191000,6.500472,800
2014-12-11,9.159000,9.250000,9.150000,9.250000,6.542201,6800
2014-12-12,9.250000,9.250000,9.250000,9.250000,6.542201,0
2014-12-15,9.250000,9.250000,9.250000,9.250000,6.542201,0
2014-12-16,9.390000,9.390000,9.250000,9.380000,6.634145,3500
2014-12-17,9.291000,9.300000,9.210000,9.210000,6.513910,4000
2014-12-18,9.180000,9.350000,9.180000,9.350000,6.612927,2000
2014-12-19,9.303000,9.350000,9.244000,9.260000,6.549273,2400
2014-12-22,9.261000,9.330000,9.180000,9.330000,6.598782,11600
2014-12-23,9.339000,9.340000,9.180000,9.324000,6.594539,3100
2014-12-24,9.000000,9.000000,9.000000,9.000000,6.365385,0
2014-12-26,9.120000,9.250000,9.110000,9.140000,6.464402,2900
2014-12-29,9.320000,9.350000,9.010000,9.280000,6.563419,3000
2014-12-30,9.090000,9.330000,9.080000,9.180000,6.492692,6300
2014-12-31,9.349000,9.349000,9.150000,9.340000,6.605855,7500
2015-01-02,9.130000,9.349000,9.130000,9.335000,6.602318,900
2015-01-05,9.350000,9.400000,9.230000,9.230000,6.528055,1700
2015-01-06,9.380000,9.490000,9.380000,9.478000,6.703457,4800
2015-01-07,9.490000,9.950000,9.490000,9.950000,7.037286,5100
2015-01-08,9.990000,9.990000,9.680000,9.950000,7.037286,6200
2015-01-09,9.590000,9.990000,9.550000,9.670000,6.839252,13000
2015-01-12,9.700000,9.800000,9.550000,9.644000,6.820863,5600
2015-01-13,9.550000,9.550000,9.200000,9.200000,6.506837,10000
2015-01-14,9.200000,9.450000,9.200000,9.211000,6.514618,12500
2015-01-15,9.350000,9.490000,9.080000,9.100000,6.436111,3500
2015-01-16,9.100000,9.110000,9.010000,9.010000,6.372458,11500
2015-01-20,9.000000,9.260000,8.800000,8.830000,6.245150,17600
2015-01-21,8.800000,8.829000,8.700000,8.700000,6.153205,3000
2015-01-22,8.810000,9.300000,8.700000,8.700000,6.153205,16700
2015-01-23,8.700000,8.700000,8.700000,8.700000,6.153205,0
2015-01-26,9.100000,9.100000,8.930000,8.930000,6.315876,1400
2015-01-27,8.930000,9.290000,8.930000,8.970000,6.344167,10800
2015-01-28,9.270000,9.300000,8.688000,8.900000,6.294658,6800
2015-01-29,9.240000,9.240000,8.670000,8.950000,6.330021,3300
2015-01-30,9.300000,9.300000,9.300000,9.300000,6.577564,100
2015-02-02,9.630000,9.630000,9.630000,9.630000,6.810962,500
2015-02-03,9.630000,9.630000,9.630000,9.630000,6.810962,0
2015-02-04,9.630000,9.630000,9.630000,9.630000,6.810962,0
2015-02-05,8.690000,8.690000,8.690000,8.690000,6.146132,200
2015-02-06,9.000000,9.200000,9.000000,9.200000,6.506837,3900
2015-02-09,9.350000,9.390000,9.000000,9.000000,6.365385,7300
2015-02-10,9.180000,9.180000,9.000000,9.020000,6.379530,2000
2015-02-11,9.120000,9.120000,9.000000,9.000000,6.365385,1300
2015-02-12,9.000000,9.350000,9.000000,9.350000,6.612927,2000
2015-02-13,9.020000,9.090000,9.000000,9.090000,6.429039,1700
2015-02-17,9.190000,9.190000,9.000000,9.000000,6.365385,4600
2015-02-18,9.010000,9.010000,8.750000,8.750000,6.188569,7200
2015-02-19,8.950000,8.983000,8.950000,8.983000,6.353361,500
2015-02-20,8.970000,9.070000,8.760000,9.070000,6.414893,3100
2015-02-23,8.974000,9.034000,8.974000,9.034000,6.389432,500
2015-02-24,9.034000,9.034000,9.034000,9.034000,6.389432,0
2015-02-25,9.060000,9.200000,9.060000,9.112000,6.444599,2200
2015-02-26,9.182000,9.182000,9.180000,9.180000,6.492692,400
2015-02-27,9.060000,9.190000,9.060000,9.190000,6.499765,1200
2015-03-02,9.200000,9.350000,9.100000,9.350000,6.612927,5400
2015-03-03,9.250000,9.250000,9.150000,9.210000,6.513910,3100
2015-03-04,9.070000,9.070000,9.040000,9.040000,6.393675,500
2015-03-05,9.060000,9.070000,9.030000,9.050000,6.400748,2300
2015-03-06,9.050000,9.050000,9.050000,9.050000,6.400748,0
2015-03-09,9.030000,9.030000,9.030000,9.030000,6.386602,100
2015-03-10,9.030000,9.159000,9.000000,9.000000,6.365385,4500
2015-03-11,9.000000,9.220000,9.000000,9.100000,6.436111,2300
2015-03-12,9.150000,9.150000,9.000000,9.000000,6.365385,1800
2015-03-13,9.000000,9.000000,9.000000,9.000000,6.365385,600
2015-03-16,9.000000,9.000000,9.000000,9.000000,6.365385,2300
2015-03-17,9.000000,9.000000,9.000000,9.000000,6.365385,0
2015-03-18,9.000000,9.000000,9.000000,9.000000,6.365385,0
2015-03-19,9.000000,9.000000,9.000000,9.000000,6.365385,0
2015-03-20,9.010000,9.010000,9.000000,9.000000,6.365385,3800
2015-03-23,9.050000,9.050000,8.900000,8.900000,6.294658,4400
2015-03-24,8.900000,8.900000,8.900000,8.900000,6.294658,200
2015-03-25,8.900000,8.900000,8.900000,8.900000,6.294658,0
2015-03-26,9.000000,9.010000,8.980000,8.980000,6.351239,10700
2015-03-27,8.980000,8.980000,8.980000,8.980000,6.351239,0
2015-03-30,9.060000,9.060000,9.059000,9.060000,6.407821,1400
2015-03-31,9.085000,9.085000,9.000000,9.028000,6.385188,1200
2015-04-01,8.910000,8.910000,8.510000,8.580000,6.068333,21400
2015-04-02,8.570000,8.800000,8.100000,8.550000,6.047115,14900
2015-04-06,8.060000,8.375000,8.060000,8.350000,5.905663,3800
2015-04-07,8.350000,8.350000,8.350000,8.350000,5.905663,0
2015-04-08,8.350000,8.350000,8.350000,8.350000,5.905663,0
2015-04-09,8.350000,8.350000,8.350000,8.350000,5.905663,0
2015-04-10,8.350000,8.350000,8.350000,8.350000,5.905663,1300
2015-04-13,8.440000,8.450000,8.390000,8.450000,5.976389,700
2015-04-14,8.440000,8.500000,8.440000,8.500000,6.011752,1300
2015-04-15,8.550000,8.550000,8.250000,8.250000,5.834936,9200
2015-04-16,8.260000,8.270000,8.260000,8.260000,5.842009,700
2015-04-17,8.260000,8.260000,8.260000,8.260000,5.842009,0
2015-04-20,8.260000,8.260000,8.260000,8.260000,5.842009,0
2015-04-21,8.260000,8.260000,8.260000,8.260000,5.842009,0
2015-04-22,8.310000,8.310000,8.310000,8.310000,5.877372,100
2015-04-23,8.310000,8.310000,8.310000,8.310000,5.877372,0
2015-04-24,8.310000,8.310000,8.310000,8.310000,5.877372,0
2015-04-27,8.310000,8.310000,8.310000,8.310000,5.877372,0
2015-04-28,8.380000,8.380000,8.380000,8.380000,5.926880,100
2015-04-29,8.380000,8.400000,7.771000,8.300000,5.870299,4800
2015-04-30,8.290000,8.300000,8.010000,8.010000,5.665193,4700
2015-05-01,8.650000,8.650000,8.050000,8.050000,5.693483,5300
2015-05-04,8.050000,8.300000,8.050000,8.280000,5.856153,1200
2015-05-05,8.310000,8.310000,7.820000,8.180000,5.785428,5500
2015-05-06,8.030000,8.030000,8.030000,8.030000,5.679338,1500
2015-05-07,8.030000,8.030000,8.030000,8.030000,5.679338,0
2015-05-08,8.030000,8.030000,8.030000,8.030000,5.679338,0
2015-05-11,8.070000,8.070000,8.070000,8.070000,5.707628,100
2015-05-12,8.070000,8.070000,8.070000,8.070000,5.707628,0
2015-05-13,8.070000,8.070000,8.070000,8.070000,5.707628,0
2015-05-14,8.070000,8.070000,8.070000,8.070000,5.707628,0
2015-05-15,8.101000,8.101000,8.050000,8.050000,5.693483,24900
2015-05-18,8.070000,8.070000,8.050000,8.050000,5.693483,10000
2015-05-19,8.050000,8.050000,8.050000,8.050000,5.693483,0
2015-05-20,8.000000,8.121000,8.000000,8.121000,5.743699,200
2015-05-21,8.120000,8.120000,8.120000,8.120000,5.742991,100
2015-05-22,8.000000,8.005000,8.000000,8.000000,5.658120,9100
2015-05-26,8.000000,8.000000,8.000000,8.000000,5.658120,0
2015-05-27,8.000000,8.000000,8.000000,8.000000,5.658120,0
2015-05-28,8.000000,8.000000,8.000000,8.000000,5.658120,0
2015-05-29,8.000000,8.000000,8.000000,8.000000,5.658120,0
2015-06-01,7.250000,8.000000,7.250000,8.000000,5.658120,2200
2015-06-02,6.750000,6.750000,6.750000,6.750000,4.774038,700
2015-06-03,8.000000,8.000000,7.550000,7.550000,5.339850,1100
2015-06-04,7.550000,7.550000,7.550000,7.550000,5.339850,0
2015-06-05,7.550000,7.550000,7.550000,7.550000,5.339850,0
2015-06-08,7.550000,7.550000,7.512000,7.512000,5.312974,600
2015-06-09,7.512000,7.512000,7.512000,7.512000,5.312974,0
2015-06-10,7.512000,7.512000,7.512000,7.512000,5.312974,0
2015-06-11,7.512000,7.512000,7.512000,7.512000,5.312974,0
2015-06-12,7.980000,7.980000,7.500000,7.510000,5.311560,2100
2015-06-15,7.940000,7.940000,7.940000,7.940000,5.615684,200
2015-06-16,7.680000,7.680000,7.500000,7.500000,5.304487,1300
2015-06-17,7.630000,7.750000,7.500000,7.500000,5.304487,2600
2015-06-18,7.960000,7.960000,7.500000,7.500000,5.304487,3400
2015-06-19,7.330000,7.500000,7.130000,7.130000,5.042799,2500
2015-06-22,7.600000,7.600000,7.600000,7.600000,5.375214,1900
2015-06-23,7.080000,7.500000,7.080000,7.460000,5.276196,1200
2015-06-24,7.270000,7.410000,7.250000,7.410000,5.240833,1200
2015-06-25,7.410000,7.410000,7.410000,7.410000,5.240833,0
2015-06-26,7.400000,7.400000,7.250000,7.250000,5.127671,800
2015-06-29,7.250000,7.284000,7.250000,7.284000,5.151718,500
2015-06-30,7.150000,7.150000,7.150000,7.150000,5.056944,200
2015-07-01,7.150000,7.150000,7.150000,7.150000,5.056944,0
2015-07-02,7.150000,7.150000,7.150000,7.150000,5.056944,0
2015-07-06,7.150000,7.150000,7.150000,7.150000,5.056944,0
2015-07-07,7.150000,7.150000,7.150000,7.150000,5.056944,0
2015-07-08,7.050000,7.270000,7.000000,7.000000,4.950855,3800
2015-07-09,7.020000,7.020000,7.000000,7.000000,4.950855,800
2015-07-10,7.040000,7.100000,7.000000,7.010000,4.957928,3500
2015-07-13,7.000000,7.000000,7.000000,7.000000,4.950855,6000
2015-07-14,7.000000,7.000000,7.000000,7.000000,4.950855,0
2015-07-15,6.500000,6.500000,6.500000,6.500000,4.597222,200
2015-07-16,6.850000,6.850000,5.810000,5.810000,4.109210,12300
2015-07-17,6.000000,6.001000,6.000000,6.000000,4.243590,6100
2015-07-20,6.130000,6.520000,6.130000,6.410000,4.533568,1100
2015-07-21,6.410000,6.410000,6.410000,6.410000,4.533568,0
2015-07-22,6.410000,6.410000,6.410000,6.410000,4.533568,0
2015-07-23,6.400000,6.400000,6.350000,6.390000,4.519423,1000
2015-07-24,6.360000,6.360000,6.360000,6.360000,4.498205,100
2015-07-27,6.360000,6.360000,6.360000,6.360000,4.498205,0
2015-07-28,6.360000,6.360000,6.360000,6.360000,4.498205,0
2015-07-29,6.360000,6.360000,6.360000,6.360000,4.498205,0
2015-07-30,6.020000,6.220000,6.020000,6.220000,4.399188,600
2015-07-31,6.630000,6.630000,6.630000,6.630000,4.689167,200
2015-08-03,7.800000,7.800000,7.800000,7.800000,5.516667,200
2015-08-04,7.800000,7.800000,7.800000,7.800000,5.516667,0
2015-08-05,7.800000,7.800000,7.800000,7.800000,5.516667,0
2015-08-06,7.230000,7.230000,6.500000,6.880000,4.865983,900
2015-08-07,6.880000,6.880000,6.880000,6.880000,4.865983,0
2015-08-10,6.460000,6.960000,6.460000,6.500000,4.597222,3000
2015-08-11,6.520000,6.520000,6.010000,6.500000,4.597222,10200
2015-08-12,6.400000,6.600000,6.360000,6.590000,4.660876,3000
2015-08-13,6.640000,6.650000,5.850000,6.450000,4.561859,6500
2015-08-14,6.450000,6.710000,6.450000,6.500000,4.597222,2200
2015-08-17,6.500000,6.500000,6.460000,6.500000,4.597222,2000
2015-08-18,6.550000,6.550000,6.490000,6.500000,4.597222,2600
2015-08-19,6.500000,6.980000,6.500000,6.500000,4.597222,3000
2015-08-20,6.990000,7.430000,6.990000,7.000000,4.950855,900
2015-08-21,6.050000,6.940000,6.040000,6.940000,4.908419,2000
2015-08-24,6.940000,6.940000,6.940000,6.940000,4.908419,0
2015-08-25,6.501000,6.501000,6.500000,6.500000,4.597222,1900
2015-08-26,6.730000,6.730000,6.700000,6.720000,4.752820,900
2015-08-27,6.750000,6.750000,6.250000,6.750000,4.774038,600
2015-08-28,6.750000,6.750000,6.750000,6.750000,4.774038,0
2015-08-31,4.810000,6.500000,4.810000,5.690000,4.024338,5300
2015-09-01,5.680000,5.680000,5.680000,5.680000,4.017265,500
2015-09-02,6.470000,6.470000,5.410000,5.500000,3.889957,2500
2015-09-03,5.280000,5.670000,5.280000,5.670000,4.010192,500
2015-09-04,5.670000,5.670000,5.670000,5.670000,4.010192,0
2015-09-08,5.670000,5.670000,5.670000,5.670000,4.010192,0
2015-09-09,5.670000,5.670000,5.670000,5.670000,4.010192,0
2015-09-10,5.670000,5.670000,5.670000,5.670000,4.010192,0
2015-09-11,5.670000,5.670000,5.670000,5.670000,4.010192,0
2015-09-14,5.670000,5.670000,5.670000,5.670000,4.010192,0
2015-09-15,6.100000,6.100000,6.100000,6.100000,4.314316,900
2015-09-16,6.470000,6.500000,6.350000,6.350000,4.491132,3700
2015-09-17,6.490000,6.490000,6.490000,6.490000,4.590149,200
2015-09-18,6.485000,6.485000,6.400000,6.400000,4.526496,800
2015-09-21,5.750000,6.120000,5.700000,5.980000,4.229445,7700
2015-09-22,5.630000,5.630000,5.480000,5.480000,3.875812,400
2015-09-23,5.260000,5.260000,4.820000,5.000000,3.536325,8600
2015-09-24,5.000000,5.000000,5.000000,5.000000,3.536325,1100
2015-09-25,4.000000,4.000000,3.800000,3.800000,2.687607,120700
2015-09-28,3.850000,3.900000,3.790000,3.890000,2.751261,12300
2015-09-29,3.900000,3.900000,3.600000,3.600000,2.546154,12600
2015-09-30,3.750000,3.903000,3.750000,3.850000,2.722970,7000
2015-10-01,3.600000,4.250000,3.600000,3.950000,2.793697,28700
2015-10-02,3.950000,4.100000,3.750000,3.750000,2.652244,17900
2015-10-05,3.900000,3.950000,3.800000,3.890000,2.751261,8000
2015-10-06,3.900000,3.900000,3.900000,3.900000,2.758333,300
2015-10-07,3.900000,3.900000,3.880000,3.880000,2.744188,1000
2015-10-08,3.880000,3.880000,3.880000,3.880000,2.744188,0
2015-10-09,3.900000,3.946000,3.900000,3.946000,2.790868,300
2015-10-12,3.946000,3.946000,3.946000,3.946000,2.790868,0
2015-10-13,3.950000,4.020000,3.900000,3.900000,2.758333,17000
2015-10-14,3.910000,3.938000,3.840000,3.900000,2.758333,11400
2015-10-15,3.900000,3.900000,3.890000,3.900000,2.758333,4600
2015-10-16,3.900000,3.900000,3.900000,3.900000,2.758333,0
2015-10-19,3.920000,3.970000,3.802000,3.802000,2.689021,1200
2015-10-20,3.900000,3.940000,3.850000,3.940000,2.786624,61300
2015-10-21,3.910000,4.000000,3.900000,3.950000,2.793697,17000
2015-10-22,3.950000,3.950000,3.950000,3.950000,2.793697,1100
2015-10-23,3.980000,4.000000,3.980000,4.000000,2.829060,2400
2015-10-26,4.010000,4.010000,4.008000,4.010000,2.836133,600
2015-10-27,3.870000,3.870000,3.860000,3.860000,2.730043,500
2015-10-28,3.980000,3.980000,3.945000,3.945000,2.790160,3300
2015-10-29,4.010000,4.070000,4.000000,4.070000,2.878568,400
2015-10-30,4.047000,4.047000,3.980000,3.980000,2.814914,200
2015-11-02,3.980000,3.980000,3.980000,3.980000,2.814914,100
2015-11-03,4.110000,4.110000,4.110000,4.110000,2.906859,200
2015-11-04,4.200000,4.500000,4.190000,4.380000,3.097821,4900
2015-11-05,4.380000,4.380000,4.380000,4.380000,3.097821,0
2015-11-06,4.380000,4.380000,4.380000,4.380000,3.097821,0
2015-11-09,4.380000,4.380000,4.380000,4.380000,3.097821,0
2015-11-10,4.380000,4.380000,4.380000,4.380000,3.097821,0
2015-11-11,4.380000,4.380000,4.380000,4.380000,3.097821,0
2015-11-12,4.380000,4.380000,4.380000,4.380000,3.097821,0
2015-11-13,4.380000,4.380000,4.380000,4.380000,3.097821,0
2015-11-16,3.860000,3.860000,3.830000,3.830000,2.708825,1400
2015-11-17,3.830000,3.831000,3.810000,3.831000,2.709532,3200
2015-11-18,3.831000,3.831000,3.831000,3.831000,2.709532,0
2015-11-19,3.831000,3.831000,3.831000,3.831000,2.709532,0
2015-11-20,3.990000,4.010000,3.830000,3.900000,2.758333,30700
2015-11-23,3.860000,3.900000,3.860000,3.900000,2.758333,300
2015-11-24,3.900000,4.000000,3.640000,3.790000,2.680534,12400
2015-11-25,3.920000,4.030000,3.900000,3.920000,2.772479,1000
2015-11-27,3.920000,3.920000,3.920000,3.920000,2.772479,0
2015-11-30,3.920000,3.920000,3.920000,3.920000,2.772479,0
2015-12-01,3.560000,3.560000,3.560000,3.560000,2.517863,500
2015-12-02,3.560000,3.560000,3.560000,3.560000,2.517863,0
2015-12-03,3.560000,3.560000,3.560000,3.560000,2.517863,0
2015-12-04,3.560000,3.560000,3.560000,3.560000,2.517863,0
2015-12-07,3.560000,3.560000,3.560000,3.560000,2.517863,0
2015-12-08,3.560000,3.560000,3.560000,3.560000,2.517863,0
2015-12-09,4.010000,4.050000,4.010000,4.050000,2.864423,800
2015-12-10,4.030000,4.030000,3.890000,3.890000,2.751261,700
2015-12-11,3.601000,3.790000,3.601000,3.740000,2.645171,2200
2015-12-14,3.568000,3.680000,3.550000,3.550000,2.510791,5600
2015-12-15,3.500000,3.500000,3.060000,3.230000,2.284466,4100
2015-12-16,3.370000,3.750000,3.370000,3.750000,2.652244,4600
2015-12-17,3.530000,3.930000,3.170000,3.930000,2.779551,9900
2015-12-18,3.950000,3.950000,3.310000,3.310000,2.341047,2200
2015-12-21,3.890000,3.930000,3.510000,3.930000,2.779551,700
2015-12-22,3.930000,3.930000,3.930000,3.930000,2.779551,0
2015-12-23,3.482000,3.482000,3.482000,3.482000,2.462697,900
2015-12-24,3.482000,3.482000,3.482000,3.482000,2.462697,0
2015-12-28,3.950000,3.950000,3.950000,3.950000,2.793697,200
2015-12-29,3.950000,3.950000,3.950000,3.950000,2.793697,0
2015-12-30,3.950000,3.950000,3.950000,3.950000,2.793697,0
2015-12-31,3.310000,3.950000,3.250000,3.950000,2.793697,1000
2016-01-04,3.290000,3.550000,3.180000,3.540000,2.503718,3200
2016-01-05,3.950000,3.950000,3.460000,3.660000,2.588590,6000
2016-01-06,3.610000,3.610000,3.610000,3.610000,2.553226,100
2016-01-07,3.680000,3.680000,3.310000,3.310000,2.341047,600
2016-01-08,3.500000,3.500000,3.500000,3.500000,2.475427,100
2016-01-11,3.590000,3.590000,3.500000,3.500000,2.475427,2000
2016-01-12,3.250000,3.250000,3.250000,3.250000,2.298611,100
2016-01-13,3.250000,3.250000,3.250000,3.250000,2.298611,0
2016-01-14,3.160000,3.400000,3.150000,3.400000,2.404701,400
2016-01-15,3.490000,3.490000,3.490000,3.490000,2.468355,700
2016-01-19,3.710000,3.710000,3.210000,3.210000,2.270321,400
2016-01-20,3.740000,3.740000,3.390000,3.390000,2.397628,600
2016-01-21,3.390000,3.390000,3.390000,3.390000,2.397628,0
2016-01-22,3.390000,3.390000,3.390000,3.390000,2.397628,0
2016-01-25,3.390000,3.390000,3.390000,3.390000,2.397628,0
2016-01-26,3.390000,3.390000,3.390000,3.390000,2.397628,0
2016-01-27,3.390000,3.390000,3.390000,3.390000,2.397628,0
2016-01-28,3.120000,3.430000,3.120000,3.430000,2.425919,1500
2016-01-29,3.520000,3.530000,3.320000,3.320000,2.348120,900
2016-02-01,3.560000,3.560000,2.780000,3.200000,2.263248,23900
2016-02-02,3.500000,3.500000,3.270000,3.270000,2.312756,52700
2016-02-03,3.270000,3.270000,3.270000,3.270000,2.312756,0
2016-02-04,3.750000,3.750000,3.750000,3.750000,2.652244,700
2016-02-05,3.260000,3.710000,3.260000,3.580000,2.532008,1300
2016-02-08,3.580000,3.580000,3.580000,3.580000,2.532008,0
2016-02-09,3.725000,3.725000,3.725000,3.725000,2.634562,200
2016-02-10,3.750000,3.750000,3.750000,3.750000,2.652244,100
2016-02-11,3.750000,3.750000,3.750000,3.750000,2.652244,0
2016-02-12,3.750000,3.750000,3.750000,3.750000,2.652244,0
2016-02-16,3.359000,3.370000,3.070000,3.370000,2.383483,1100
2016-02-17,3.350000,3.390000,3.350000,3.390000,2.397628,1200
2016-02-18,3.230000,3.230000,3.230000,3.230000,2.284466,300
2016-02-19,3.230000,3.230000,3.230000,3.230000,2.284466,0
2016-02-22,3.250000,3.250000,3.158000,3.166000,2.239201,1300
2016-02-23,3.200000,3.200000,3.200000,3.200000,2.263248,100
2016-02-24,3.200000,3.200000,3.200000,3.200000,2.263248,0
2016-02-25,3.052000,3.052000,3.052000,3.052000,2.158573,1200
2016-02-26,3.090000,3.090000,3.090000,3.090000,2.185449,1100
2016-02-29,3.260000,3.460000,3.210000,3.210000,2.270321,3100
2016-03-01,3.210000,3.210000,3.210000,3.210000,2.270321,0
2016-03-02,3.250000,3.470000,3.190000,3.360000,2.376410,14300
2016-03-03,3.360000,3.500000,3.219000,3.440000,2.432992,13100
2016-03-04,3.250000,3.550000,3.250000,3.480000,2.461282,19400
2016-03-07,3.710000,3.710000,3.580000,3.600000,2.546154,2200
2016-03-08,3.600000,3.619000,3.510000,3.610000,2.553226,2700
2016-03-09,3.700000,3.700000,3.490000,3.490000,2.468355,700
2016-03-10,3.680000,3.680000,3.680000,3.680000,2.602735,200
2016-03-11,3.680000,3.680000,3.680000,3.680000,2.602735,1000
2016-03-14,3.680000,4.010000,3.680000,4.000000,2.829060,30400
2016-03-15,3.950000,4.000000,3.950000,4.000000,2.829060,11300
2016-03-16,3.990000,3.990000,3.990000,3.990000,2.821987,1000
2016-03-17,3.886000,4.000000,3.886000,3.890000,2.751261,1500
2016-03-18,4.000000,4.100000,3.900000,3.990000,2.821987,14500
2016-03-21,3.800000,5.000000,3.784000,4.200000,2.970513,10700
2016-03-22,4.221000,4.221000,4.221000,4.221000,2.985366,300
2016-03-23,4.221000,4.221000,4.221000,4.221000,2.985366,0
2016-03-24,4.221000,4.221000,4.221000,4.221000,2.985366,0
2016-03-28,3.820000,4.390000,3.820000,4.250000,3.005876,1600
2016-03-29,4.250000,5.440000,4.240000,4.390000,3.104893,30200
2016-03-30,4.440000,4.900000,4.440000,4.900000,3.465598,31400
2016-03-31,4.950000,5.730000,4.950000,5.050000,3.571688,90400
2016-04-01,5.200000,5.200000,5.050000,5.050000,3.571688,2100
2016-04-04,5.199000,5.199000,5.190000,5.190000,3.670705,500
2016-04-05,5.149000,5.149000,5.080000,5.080000,3.592906,1000
2016-04-06,4.960000,4.960000,4.720000,4.850000,3.430235,3600
2016-04-07,4.815000,4.825000,4.815000,4.820000,3.409017,2100
2016-04-08,4.950000,4.950000,4.720000,4.940000,3.493889,5300
2016-04-11,4.720000,4.750000,4.450000,4.750000,3.359509,11500
2016-04-12,4.567000,4.750000,4.400000,4.490000,3.175620,12900
2016-04-13,4.460000,4.720000,4.460000,4.590000,3.246346,3100
2016-04-14,4.740000,4.749000,4.600000,4.600000,3.253419,2500
2016-04-15,4.610000,4.878000,4.610000,4.610000,3.260492,4700
2016-04-18,4.810000,4.810000,4.750000,4.808000,3.400530,2100
2016-04-19,4.800000,5.143000,4.650000,5.000000,3.536325,34000
2016-04-20,5.100000,5.200000,5.000000,5.000000,3.536325,4700
2016-04-21,5.050000,5.200000,5.050000,5.200000,3.677778,2400
2016-04-22,5.100000,5.130000,4.990000,5.020000,3.550470,2900
2016-04-25,5.230000,5.240000,5.200000,5.220000,3.691923,900
2016-04-26,5.100000,5.100000,5.100000,5.100000,3.607051,800
2016-04-27,5.100000,5.100000,5.100000,5.100000,3.607051,1100
2016-04-28,5.250000,5.250000,5.153000,5.153000,3.644536,3900
2016-04-29,5.750000,5.750000,5.750000,5.750000,4.066773,500
2016-05-02,5.280000,5.405000,5.280000,5.405000,3.822767,700
2016-05-03,5.405000,5.405000,5.405000,5.405000,3.822767,0
2016-05-04,5.405000,5.405000,5.405000,5.405000,3.822767,0
2016-05-05,5.250000,5.710000,5.250000,5.450000,3.854594,600
2016-05-06,5.450000,5.450000,5.450000,5.450000,3.854594,0
2016-05-09,6.000000,6.000000,5.510000,5.700000,4.031410,3300
2016-05-10,5.800000,5.800000,5.700000,5.780000,4.087992,4200
2016-05-11,6.000000,6.000000,5.700000,5.700000,4.031410,7700
2016-05-12,6.000000,6.000000,5.710000,5.710000,4.038483,4300
2016-05-13,6.380000,6.380000,5.710000,5.710000,4.038483,3200
2016-05-16,6.000000,6.000000,6.000000,6.000000,4.243590,600
2016-05-17,5.997000,5.997000,5.820000,5.820000,4.116282,700
2016-05-18,6.000000,6.000000,5.700000,5.700000,4.031410,1300
2016-05-19,5.780000,5.780000,5.700000,5.700000,4.031410,4000
2016-05-20,5.760000,5.860000,5.720000,5.860000,4.144573,500
2016-05-23,5.740000,5.750000,5.520000,5.520000,3.904103,1000
2016-05-24,5.500000,5.625000,5.300000,5.450000,3.854594,3900
2016-05-25,5.450000,5.450000,5.450000,5.450000,3.854594,0
2016-05-26,5.166000,5.350000,5.166000,5.330000,3.769722,1300
2016-05-27,5.130000,5.130000,5.100000,5.100000,3.607051,2500
2016-05-31,5.100000,5.450000,5.100000,5.400000,3.819231,1500
2016-06-01,5.270000,5.270000,5.110000,5.110000,3.614124,1100
2016-06-02,5.100000,5.190000,5.100000,5.100000,3.607051,2000
2016-06-03,5.130000,5.130000,5.130000,5.130000,3.628269,100
2016-06-06,5.250000,5.250000,5.250000,5.250000,3.713141,1100
2016-06-07,5.250000,5.250000,5.250000,5.250000,3.713141,0
2016-06-08,5.250000,5.250000,5.250000,5.250000,3.713141,0
2016-06-09,5.270000,5.270000,5.120000,5.120000,3.621197,7200
2016-06-10,5.120000,5.182000,5.100000,5.100000,3.607051,7000
2016-06-13,5.100000,5.100000,5.100000,5.100000,3.607051,0
2016-06-14,5.100000,5.100000,5.100000,5.100000,3.607051,0
2016-06-15,5.100000,5.149000,4.750000,4.951000,3.501669,2200
2016-06-16,5.150000,5.150000,5.150000,5.150000,3.642415,1300
2016-06-17,5.150000,5.150000,5.150000,5.150000,3.642415,0
2016-06-20,5.150000,5.150000,5.150000,5.150000,3.642415,0
2016-06-21,5.020000,5.330000,5.000000,5.330000,3.769722,1200
2016-06-22,5.330000,5.330000,5.330000,5.330000,3.769722,0
2016-06-23,5.300000,5.500000,5.300000,5.500000,3.889957,1400
2016-06-24,5.270000,5.270000,5.000000,5.000000,3.536325,1300
2016-06-27,5.000000,5.300000,5.000000,5.170000,3.656560,1800
2016-06-28,5.070000,5.210000,5.060000,5.210000,3.684850,2200
2016-06-29,5.210000,5.210000,5.210000,5.210000,3.684850,0
2016-06-30,5.450000,5.490000,5.350000,5.350000,3.783867,1100
2016-07-01,5.360000,5.360000,5.350000,5.350000,3.783867,400
2016-07-05,5.350000,5.371000,5.350000,5.350000,3.783867,1600
2016-07-06,5.350000,5.350000,5.350000,5.350000,3.783867,300
2016-07-07,5.350000,5.350000,5.350000,5.350000,3.783867,0
2016-07-08,5.490000,5.500000,5.050000,5.050000,3.571688,5400
2016-07-11,5.200000,5.200000,5.090000,5.093000,3.602100,700
2016-07-12,5.250000,6.000000,5.240000,5.500000,3.889957,12900
2016-07-13,5.510000,5.680000,5.130000,5.130000,3.628269,7300
2016-07-14,5.670000,5.670000,5.670000,5.670000,4.010192,300
2016-07-15,5.918000,5.918000,5.918000,5.918000,4.185594,500
2016-07-18,5.980000,5.980000,5.890000,5.890000,4.165791,1400
2016-07-19,5.890000,5.890000,5.890000,5.890000,4.165791,0
2016-07-20,5.890000,5.890000,5.890000,5.890000,4.165791,0
2016-07-21,5.890000,5.890000,5.890000,5.890000,4.165791,0
2016-07-22,5.890000,5.940000,5.890000,5.940000,4.201154,600
2016-07-25,5.940000,5.940000,5.940000,5.940000,4.201154,0
2016-07-26,5.940000,5.940000,5.940000,5.940000,4.201154,0
2016-07-27,5.940000,5.940000,5.940000,5.940000,4.201154,0
2016-07-28,5.940000,5.940000,5.940000,5.940000,4.201154,0
2016-07-29,5.660000,5.670000,5.660000,5.661000,4.003827,600
2016-08-01,5.661000,5.661000,5.661000,5.661000,4.003827,0
2016-08-02,5.150000,5.450000,5.150000,5.450000,3.854594,700
2016-08-03,5.460000,5.645000,5.460000,5.645000,3.992511,900
2016-08-04,5.560000,5.705000,5.400000,5.503000,3.892079,3500
2016-08-05,5.270000,5.918000,5.250000,5.918000,4.185594,700
2016-08-08,5.482000,5.960000,5.380000,5.960000,4.215299,3600
2016-08-09,5.500000,5.665000,5.437000,5.437000,3.845399,900
2016-08-10,5.440000,5.685000,5.430000,5.529000,3.910468,3200
2016-08-11,5.430000,5.440000,5.430000,5.436000,3.844692,4400
2016-08-12,5.507000,5.510000,5.500000,5.510000,3.897030,2900
2016-08-15,5.510000,5.510000,5.510000,5.510000,3.897030,0
2016-08-16,5.510000,5.510000,5.510000,5.510000,3.897030,0
2016-08-17,5.510000,5.510000,5.510000,5.510000,3.897030,0
2016-08-18,5.500000,5.600000,5.500000,5.600000,3.960684,5400
2016-08-19,5.583000,5.600000,5.583000,5.600000,3.960684,2700
2016-08-22,5.490000,5.523000,5.430000,5.480000,3.875812,10000
2016-08-23,5.550000,5.900000,5.550000,5.740000,4.059700,9300
2016-08-24,5.890000,5.900000,5.600000,5.750000,4.066773,27000
2016-08-25,5.620000,5.750000,5.600000,5.600000,3.960684,10200
2016-08-26,5.720000,5.910000,5.480000,5.490000,3.882885,14400
2016-08-29,5.600000,5.690000,5.557000,5.570000,3.939466,5500
2016-08-30,5.500000,5.500000,5.500000,5.500000,3.889957,600
2016-08-31,5.630000,5.630000,5.630000,5.630000,3.981902,300
2016-09-01,5.540000,5.580000,5.450000,5.580000,3.946538,6400
2016-09-02,5.600000,5.710000,5.590000,5.590000,3.953611,4400
2016-09-06,5.610000,5.610000,5.610000,5.610000,3.967757,200
2016-09-07,5.480000,5.740000,5.450000,5.450000,3.854594,2100
2016-09-08,5.450000,5.450000,5.450000,5.450000,3.854594,0
2016-09-09,5.430000,5.511000,5.430000,5.430000,3.840449,700
2016-09-12,5.650000,5.650000,5.600000,5.600000,3.960684,1000
2016-09-13,5.729000,5.729000,5.729000,5.729000,4.051921,500
2016-09-14,5.730000,5.730000,5.270000,5.300000,3.748504,2000
2016-09-15,5.400000,5.400000,5.400000,5.400000,3.819231,400
2016-09-16,5.400000,5.400000,5.400000,5.400000,3.819231,0
2016-09-19,5.300000,5.300000,5.300000,5.300000,3.748504,400
2016-09-20,5.300000,5.300000,5.300000,5.300000,3.748504,0
2016-09-21,5.550000,5.600000,5.100000,5.420000,3.833376,5600
2016-09-22,5.420000,5.420000,5.420000,5.420000,3.833376,0
2016-09-23,5.230000,5.500000,4.850000,5.080000,3.592906,3100
2016-09-26,5.080000,5.080000,5.080000,5.080000,3.592906,0
2016-09-27,5.350000,5.350000,5.330000,5.340000,3.776795,1700
2016-09-28,5.480000,5.590000,5.480000,5.540000,3.918248,1400
2016-09-29,5.300000,5.700000,4.910000,5.700000,4.031410,14900
2016-09-30,5.700000,5.772000,5.650000,5.772000,4.082333,2500
2016-10-03,5.770000,5.770000,5.645000,5.645000,3.992511,600
2016-10-04,5.660000,5.900000,5.620000,5.650000,3.996047,6600
2016-10-05,5.650000,5.650000,5.650000,5.650000,3.996047,0
2016-10-06,5.709000,5.890000,5.709000,5.890000,4.165791,2800
2016-10-07,5.900000,5.900000,5.900000,5.900000,4.172863,200
2016-10-10,5.520000,5.562000,5.520000,5.562000,3.933808,500
2016-10-11,5.562000,5.562000,5.562000,5.562000,3.933808,0
2016-10-12,5.900000,5.900000,5.900000,5.900000,4.172863,1000
2016-10-13,5.990000,5.990000,5.990000,5.990000,4.236517,600
2016-10-14,5.900000,5.900000,5.900000,5.900000,4.172863,300
2016-10-17,5.900000,5.900000,5.900000,5.900000,4.172863,0
2016-10-18,5.100000,5.650000,5.100000,5.650000,3.996047,3100
2016-10-19,5.650000,5.650000,5.650000,5.650000,3.996047,0
2016-10-20,5.650000,5.650000,5.650000,5.650000,3.996047,0
2016-10-21,5.650000,5.650000,5.550000,5.550000,3.925321,1500
2016-10-24,5.300000,5.691000,5.300000,5.691000,4.025045,200
2016-10-25,5.700000,5.700000,5.300000,5.400000,3.819231,1200
2016-10-26,5.350000,5.350000,5.300000,5.350000,3.783867,700
2016-10-27,5.400000,5.400000,5.350000,5.350000,3.783867,700
2016-10-28,5.350000,5.350000,5.100000,5.100000,3.607051,1300
2016-10-31,5.100000,5.500000,5.100000,5.150000,3.642415,6700
2016-11-01,5.150000,5.150000,5.150000,5.150000,3.642415,0
2016-11-02,5.200000,5.200000,5.200000,5.200000,3.677778,4000
2016-11-03,5.050000,5.200000,5.000000,5.200000,3.677778,4300
2016-11-04,5.150000,5.250000,5.150000,5.250000,3.713141,300
2016-11-07,5.250000,5.250000,5.250000,5.250000,3.713141,0
2016-11-08,5.200000,5.200000,5.150000,5.150000,3.642415,9500
2016-11-09,4.850000,4.950000,4.850000,4.950000,3.500961,1600
2016-11-10,4.958000,5.025000,4.950000,5.025000,3.554007,1200
2016-11-11,5.100000,5.100000,5.100000,5.100000,3.607051,500
2016-11-14,5.150000,5.150000,5.105000,5.105000,3.610588,1200
2016-11-15,5.200000,5.450000,5.150000,5.250000,3.713141,62000
2016-11-16,5.250000,5.400000,5.250000,5.325000,3.766186,31100
2016-11-17,5.350000,5.890000,5.350000,5.400000,3.819231,54600
2016-11-18,5.000000,5.800000,5.000000,5.800000,4.102137,12400
2016-11-21,5.900000,5.900000,5.550000,5.690000,4.024338,6300
2016-11-22,5.500000,5.500000,5.400000,5.400000,3.819231,2300
2016-11-23,5.400000,5.400000,5.350000,5.350000,3.783867,3400
2016-11-25,5.400000,5.400000,5.400000,5.400000,3.819231,100
2016-11-28,5.450000,5.450000,5.400000,5.400000,3.819231,500
2016-11-29,5.400000,5.400000,5.400000,5.400000,3.819231,0
2016-11-30,5.550000,5.600000,5.400000,5.400000,3.819231,3000
2016-12-01,5.400000,5.400000,5.300000,5.300000,3.748504,6200
2016-12-02,5.300000,5.406000,5.300000,5.300000,3.748504,1400
2016-12-05,5.050000,5.500000,5.050000,5.424000,3.836205,33400
2016-12-06,5.750000,5.750000,5.350000,5.400000,3.819231,89200
2016-12-07,5.450000,5.600000,5.100000,5.600000,3.960684,35800
2016-12-08,5.500000,5.500000,5.300000,5.300000,3.748504,5600
2016-12-09,5.300000,5.300000,5.300000,5.300000,3.748504,5000
2016-12-12,5.300000,5.300000,5.300000,5.300000,3.748504,0
2016-12-13,5.250000,5.250000,5.050000,5.250000,3.713141,17500
2016-12-14,5.200000,5.400000,5.100000,5.150000,3.642415,14200
2016-12-15,5.250000,5.650000,5.200000,5.650000,3.996047,65300
2016-12-16,5.700000,5.700000,5.450000,5.450000,3.854594,9700
2016-12-19,5.750000,5.750000,5.600000,5.695000,4.027874,7700
2016-12-20,5.500000,5.600000,5.400000,5.450000,3.854594,9900
2016-12-21,5.500000,5.800000,5.500000,5.700000,4.031410,12100
2016-12-22,5.650000,5.700000,5.500000,5.500000,3.889957,10700
2016-12-23,5.500000,5.530000,5.500000,5.530000,3.911175,3100
2016-12-27,5.300000,5.950000,5.134000,5.900000,4.172863,41600
2016-12-28,5.800000,5.800000,5.800000,5.800000,4.102137,200
2016-12-29,5.800000,5.800000,5.800000,5.800000,4.102137,0
2016-12-30,5.850000,5.950000,5.850000,5.950000,4.208226,3000
2017-01-03,6.000000,6.000000,6.000000,6.000000,4.243590,800
2017-01-04,5.600000,5.600000,5.600000,5.600000,3.960684,200
2017-01-05,5.600000,5.600000,5.600000,5.600000,3.960684,0
2017-01-06,5.600000,5.600000,5.600000,5.600000,3.960684,0
2017-01-09,6.000000,6.000000,5.750000,5.750000,4.066773,900
2017-01-10,6.904000,7.308000,6.100000,6.500000,4.597222,102300
2017-01-11,6.500000,6.700000,6.250000,6.250000,4.420406,23200
2017-01-12,6.350000,6.600000,6.300000,6.500000,4.597222,10200
2017-01-13,6.500000,6.700000,6.400000,6.400000,4.526496,10700
2017-01-17,6.950000,7.775000,6.815000,7.400000,5.233761,253100
2017-01-18,7.550000,7.950000,7.005000,7.700000,5.445940,95600
2017-01-19,8.000000,8.350000,7.850000,8.100000,5.728847,134500
2017-01-20,8.150000,8.645000,8.000000,8.300000,5.870299,153700
2017-01-23,8.900000,9.150000,8.000000,8.500000,6.011752,204600
2017-01-24,8.450000,8.800000,8.268000,8.550000,6.047115,69700
2017-01-25,8.850000,9.100000,8.700000,8.950000,6.330021,168100
2017-01-26,9.000000,9.000000,8.200000,8.450000,5.976389,102100
2017-01-27,8.450000,9.250000,8.450000,8.950000,6.330021,150800
2017-01-30,9.050000,9.050000,8.500000,8.800000,6.223932,119500
2017-01-31,8.750000,9.000000,8.400000,8.800000,6.223932,46300
2017-02-01,8.850000,8.850000,8.400000,8.500000,6.011752,46500
2017-02-02,8.400000,8.450000,7.300000,8.150000,5.764209,74200
2017-02-03,8.200000,8.750000,8.200000,8.500000,6.011752,51000
2017-02-06,8.500000,9.300000,8.500000,9.100000,6.436111,188300
2017-02-07,9.100000,9.200000,8.850000,9.050000,6.400748,38100
2017-02-08,9.100000,9.100000,8.514000,9.000000,6.365385,27600
2017-02-09,9.200000,9.400000,9.050000,9.200000,6.506837,123300
2017-02-10,9.200000,9.200000,8.600000,8.700000,6.153205,54800
2017-02-13,8.500000,8.515000,7.350000,8.100000,5.728847,194100
2017-02-14,8.000000,8.012000,7.750000,7.900000,5.587393,32200
2017-02-15,7.700000,7.895000,7.411000,7.700000,5.445940,50900
2017-02-16,7.600000,7.784000,7.387000,7.500000,5.304487,65900
2017-02-17,7.500000,7.600000,7.350000,7.400000,5.233761,113600
2017-02-21,7.400000,7.600000,7.350000,7.450000,5.269124,141800
2017-02-22,7.500000,7.784000,7.350000,7.350000,5.198397,74200
2017-02-23,7.400000,7.400000,7.050000,7.150000,5.056944,44700
2017-02-24,7.100000,7.100000,6.950000,7.100000,5.021581,58000
2017-02-27,7.100000,7.150000,7.000000,7.150000,5.056944,72500
2017-02-28,7.100000,7.200000,6.900000,7.150000,5.056944,38200
2017-03-01,7.200000,7.350000,7.111000,7.150000,5.056944,66500
2017-03-02,7.100000,7.325000,7.050000,7.300000,5.163034,75800
2017-03-03,7.300000,7.800000,7.250000,7.800000,5.516667,62900
2017-03-06,7.600000,8.384000,7.055000,7.350000,5.198397,21000
2017-03-07,7.400000,7.650000,7.350000,7.650000,5.410577,18000
2017-03-08,7.650000,7.650000,7.250000,7.350000,5.198397,30100
2017-03-09,7.350000,7.450000,7.098000,7.150000,5.056944,19500
2017-03-10,7.350000,7.750000,6.250000,6.500000,4.597222,264400
2017-03-13,6.700000,7.100000,6.550000,7.050000,4.986218,109100
2017-03-14,7.000000,7.100000,6.950000,7.000000,4.950855,18100
2017-03-15,7.050000,7.350000,7.000000,7.150000,5.056944,31800
2017-03-16,7.200000,7.365000,7.200000,7.250000,5.127671,11300
2017-03-17,7.305000,7.330000,7.000000,7.200000,5.092308,45600
2017-03-20,7.050000,7.055000,6.900000,6.950000,4.915491,21400
2017-03-21,6.950000,7.100000,6.950000,7.000000,4.950855,10300
2017-03-22,7.050000,7.050000,6.950000,7.000000,4.950855,3200
2017-03-23,7.000000,7.000000,6.950000,7.000000,4.950855,11900
2017-03-24,6.950000,7.000000,6.950000,7.000000,4.950855,7600
2017-03-27,6.950000,7.025000,6.750000,6.900000,4.880128,16000
2017-03-28,6.600000,7.050000,6.600000,7.000000,4.950855,17600
2017-03-29,7.000000,7.100000,7.000000,7.050000,4.986218,2900
2017-03-30,7.300000,7.300000,7.111000,7.300000,5.163034,1300
2017-03-31,7.250000,7.500000,7.250000,7.500000,5.304487,30300
2017-04-03,7.400000,7.400000,7.150000,7.150000,5.056944,4100
2017-04-04,7.100000,7.100000,6.800000,6.900000,4.880128,7500
2017-04-05,6.950000,7.085000,6.850000,6.950000,4.915491,3200
2017-04-06,6.950000,7.100000,6.950000,7.100000,5.021581,3000
2017-04-07,7.000000,7.095000,6.850000,7.000000,4.950855,11900
2017-04-10,6.865000,6.950000,6.850000,6.950000,4.915491,5600
2017-04-11,7.000000,7.000000,6.850000,6.850000,4.844765,800
2017-04-12,7.335000,7.335000,7.100000,7.200000,5.092308,2100
2017-04-13,6.865000,7.000000,6.850000,7.000000,4.950855,3200
2017-04-17,6.850000,6.950000,6.750000,6.950000,4.915491,7800
2017-04-18,6.950000,7.145000,6.850000,7.000000,4.950855,12500
2017-04-19,7.050000,7.050000,6.950000,6.950000,4.915491,1200
2017-04-20,6.950000,7.150000,6.850000,7.100000,5.021581,7900
2017-04-21,6.900000,7.150000,6.900000,7.150000,5.056944,600
2017-04-24,7.050000,7.050000,6.935000,7.050000,4.986218,4000
2017-04-25,6.800000,7.050000,6.700000,6.800000,4.809402,25900
2017-04-26,6.800000,7.000000,6.800000,6.900000,4.880128,4900
2017-04-27,7.000000,7.100000,7.000000,7.095000,5.018045,3400
2017-04-28,7.035000,7.080000,7.000000,7.000000,4.950855,1500
2017-05-01,7.245000,7.245000,6.950000,7.000000,4.950855,4800
2017-05-02,6.950000,6.995000,6.812000,6.995000,4.947318,5400
2017-05-03,6.900000,6.900000,6.750000,6.750000,4.774038,800
2017-05-04,6.800000,6.800000,6.700000,6.700000,4.738675,1100
2017-05-05,6.750000,6.750000,6.596000,6.596000,4.665120,4800
2017-05-08,6.600000,6.750000,6.600000,6.650000,4.703312,15000
2017-05-09,6.745000,6.800000,6.700000,6.750000,4.774038,7000
2017-05-10,6.700000,6.700000,6.700000,6.700000,4.738675,100
2017-05-11,6.850000,6.900000,6.750000,6.850000,4.844765,3600
2017-05-12,6.767000,7.000000,6.750000,6.800000,4.809402,11500
2017-05-15,6.800000,6.800000,6.605000,6.700000,4.738675,22200
2017-05-16,6.750000,6.800000,6.650000,6.800000,4.809402,10100
2017-05-17,6.605000,6.700000,6.600000,6.700000,4.738675,2600
2017-05-18,6.550000,6.650000,6.550000,6.600000,4.667949,600
2017-05-19,6.600000,6.600000,6.600000,6.600000,4.667949,0
2017-05-22,6.600000,6.600000,6.600000,6.600000,4.667949,100
2017-05-23,6.600000,6.600000,6.600000,6.600000,4.667949,0
2017-05-24,6.800000,6.850000,6.750000,6.850000,4.844765,15200
2017-05-25,6.850000,6.850000,6.850000,6.850000,4.844765,0
2017-05-26,6.850000,6.850000,6.850000,6.850000,4.844765,0
2017-05-30,6.200000,6.800000,6.150000,6.800000,4.809402,2200
2017-05-31,6.350000,7.000000,6.350000,7.000000,4.950855,14500
2017-06-01,7.000000,7.000000,7.000000,7.000000,4.950855,0
2017-06-02,6.300000,6.500000,6.300000,6.500000,4.597222,5500
2017-06-05,6.400000,6.500000,6.400000,6.500000,4.597222,900
2017-06-06,6.250000,6.500000,6.200000,6.500000,4.597222,2600
2017-06-07,6.600000,6.600000,6.500000,6.550000,4.632586,9200
2017-06-08,6.550000,6.550000,6.550000,6.550000,4.632586,0
2017-06-09,6.700000,6.700000,6.500000,6.500000,4.597222,1100
2017-06-12,6.500000,6.700000,6.500000,6.700000,4.738675,5600
2017-06-13,6.600000,6.650000,6.500000,6.500000,4.597222,1200
2017-06-14,6.950000,7.000000,6.725000,7.000000,4.950855,6800
2017-06-15,6.800000,6.800000,6.600000,6.800000,4.809402,1200
2017-06-16,6.700000,6.700000,6.500000,6.505000,4.600759,2200
2017-06-19,6.850000,6.850000,6.850000,6.850000,4.844765,200
2017-06-20,6.800000,6.800000,6.500000,6.500000,4.597222,800
2017-06-21,6.800000,6.800000,6.500000,6.500000,4.597222,600
2017-06-22,6.550000,6.800000,6.400000,6.500000,4.597222,3600
2017-06-23,6.300000,6.550000,6.200000,6.500000,4.597222,12700
2017-06-26,6.750000,6.750000,6.365000,6.500000,4.597222,4600
2017-06-27,6.400000,6.500000,6.400000,6.450000,4.561859,1000
2017-06-28,6.450000,6.600000,6.450000,6.600000,4.667949,3400
2017-06-29,6.209000,6.450000,6.209000,6.450000,4.561859,1300
2017-06-30,6.600000,6.600000,6.550000,6.550000,4.632586,1300
2017-07-03,6.250000,6.450000,6.250000,6.450000,4.561859,2800
2017-07-05,6.700000,6.700000,6.450000,6.500000,4.597222,3700
2017-07-06,6.400000,6.750000,6.300000,6.300000,4.455770,5400
2017-07-07,6.300000,6.520000,6.150000,6.520000,4.611368,11600
2017-07-10,6.200000,6.600000,6.050000,6.300000,4.455770,4400
2017-07-11,6.350000,6.500000,6.200000,6.200000,4.385043,7800
2017-07-12,6.300000,6.600000,6.300000,6.400000,4.526496,4300
2017-07-13,6.400000,6.400000,6.400000,6.400000,4.526496,0
2017-07-14,6.250000,6.500000,5.900000,6.300000,4.455770,20000
2017-07-17,6.250000,6.250000,5.900000,6.100000,4.314316,10000
2017-07-18,5.950000,6.150000,5.750000,6.100000,4.314316,14000
2017-07-19,6.150000,6.300000,5.950000,6.250000,4.420406,9800
2017-07-20,6.300000,6.600000,5.900000,6.250000,4.420406,19500
2017-07-21,6.050000,6.550000,6.000000,6.550000,4.632586,18200
2017-07-24,6.500000,6.750000,6.250000,6.600000,4.667949,4800
2017-07-25,6.750000,6.750000,6.300000,6.300000,4.455770,4800
2017-07-26,6.150000,6.350000,6.050000,6.350000,4.491132,5600
2017-07-27,6.100000,6.400000,6.055000,6.250000,4.420406,14700
2017-07-28,6.350000,6.700000,6.350000,6.700000,4.738675,600
2017-07-31,6.344000,6.600000,6.344000,6.400000,4.526496,5000
2017-08-01,6.550000,6.700000,6.050000,6.186000,4.375141,25900
2017-08-02,6.150000,6.250000,5.850000,6.200000,4.385043,3700
2017-08-03,6.262000,6.262000,6.262000,6.262000,4.428893,600
2017-08-04,6.050000,6.150000,6.000000,6.000000,4.243590,1500
2017-08-07,6.200000,6.200000,5.950000,5.950000,4.208226,800
2017-08-08,6.050000,6.050000,6.050000,6.050000,4.278953,400
2017-08-09,6.050000,6.050000,6.050000,6.050000,4.278953,0
2017-08-10,5.800000,6.088000,5.800000,5.900000,4.172863,3800
2017-08-11,6.500000,6.500000,6.050000,6.100000,4.314316,5300
2017-08-14,6.159000,6.159000,5.850000,5.950000,4.208226,10600
2017-08-15,6.000000,6.100000,6.000000,6.100000,4.314316,13000
2017-08-16,6.000000,6.054000,5.900000,6.050000,4.278953,23400
2017-08-17,6.100000,6.100000,6.095000,6.095000,4.310780,400
2017-08-18,5.850000,6.161000,5.850000,5.900000,4.172863,4700
2017-08-21,5.900000,5.900000,5.900000,5.900000,4.172863,0
2017-08-22,5.900000,6.100000,5.850000,5.900000,4.172863,2600
2017-08-23,6.086000,6.086000,6.000000,6.000000,4.243590,1700
2017-08-24,6.100000,6.150000,6.050000,6.055000,4.282489,3800
2017-08-25,5.950000,6.150000,5.900000,6.150000,4.349679,4200
2017-08-28,6.150000,6.350000,6.100000,6.100000,4.314316,7900
2017-08-29,5.900000,6.200000,5.900000,6.200000,4.385043,3500
2017-08-30,6.200000,6.200000,6.000000,6.100000,4.314316,3300
2017-08-31,6.300000,6.300000,6.100000,6.100000,4.314316,1800
2017-09-01,6.000000,6.070000,5.900000,6.050000,4.278953,12100
2017-09-05,6.050000,6.050000,6.050000,6.050000,4.278953,0
2017-09-06,6.100000,6.100000,5.900000,6.100000,4.314316,2500
2017-09-07,6.150000,6.150000,5.900000,6.150000,4.349679,9400
2017-09-08,6.150000,6.300000,6.150000,6.250000,4.420406,2200
2017-09-11,6.250000,6.800000,6.190000,6.550000,4.632586,24400
2017-09-12,6.505000,6.505000,6.500000,6.500000,4.597222,9600
2017-09-13,6.650000,6.800000,6.150000,6.700000,4.738675,38200
2017-09-14,6.700000,6.700000,6.500000,6.500000,4.597222,5100
2017-09-15,6.850000,6.850000,6.850000,6.850000,4.844765,2100
2017-09-18,6.800000,6.800000,6.750000,6.795000,4.805865,1300
2017-09-19,6.700000,6.700000,6.694000,6.700000,4.738675,1900
2017-09-20,6.700000,6.850000,6.700000,6.850000,4.844765,11200
2017-09-21,7.000000,7.300000,6.936000,7.300000,5.163034,14300
2017-09-22,7.250000,7.350000,7.200000,7.250000,5.127671,4200
2017-09-25,7.400000,7.400000,7.342000,7.342000,5.192739,3000
2017-09-26,7.372000,7.385000,7.372000,7.385000,5.223152,1200
2017-09-27,7.395000,7.400000,7.300000,7.350000,5.198397,1900
2017-09-28,7.400000,7.800000,7.400000,7.750000,5.481303,30600
2017-09-29,7.815000,7.815000,7.680000,7.680000,5.431795,9500
2017-10-02,7.550000,7.555000,7.450000,7.450000,5.269124,6900
2017-10-03,7.560000,7.600000,7.560000,7.600000,5.375214,2200
2017-10-04,7.600000,7.638000,7.530000,7.550000,5.339850,4800
2017-10-05,7.690000,7.705000,7.690000,7.705000,5.449476,300
2017-10-06,7.950000,7.950000,7.950000,7.950000,5.622756,200
2017-10-09,7.565000,7.950000,7.565000,7.950000,5.622756,4600
2017-10-10,7.900000,7.900000,7.555000,7.850000,5.552030,2500
2017-10-11,7.945000,7.945000,7.700000,7.800000,5.516667,2200
2017-10-12,7.900000,7.950000,7.650000,7.650000,5.410577,27400
2017-10-13,7.628000,7.950000,7.628000,7.650000,5.410577,1700
2017-10-16,7.650000,7.650000,7.560000,7.650000,5.410577,6300
2017-10-17,7.800000,7.800000,7.600000,7.600000,5.375214,200
2017-10-18,7.950000,7.950000,7.500000,7.500000,5.304487,11700
2017-10-19,7.550000,7.550000,7.500000,7.550000,5.339850,7400
2017-10-20,7.550000,7.550000,7.550000,7.550000,5.339850,0
2017-10-23,7.550000,7.550000,7.550000,7.550000,5.339850,100
2017-10-24,7.550000,7.600000,7.500000,7.550000,5.339850,7300
2017-10-25,7.550000,7.650000,7.550000,7.550000,5.339850,1200
2017-10-26,7.550000,7.650000,7.550000,7.650000,5.410577,1100
2017-10-27,7.650000,7.650000,7.650000,7.650000,5.410577,0
2017-10-30,7.550000,7.650000,7.550000,7.650000,5.410577,9900
2017-10-31,7.650000,7.650000,7.550000,7.550000,5.339850,2300
2017-11-01,7.550000,7.550000,7.550000,7.550000,5.339850,0
2017-11-02,7.600000,7.600000,7.550000,7.550000,5.339850,6100
2017-11-03,7.550000,7.550000,7.550000,7.550000,5.339850,0
2017-11-06,7.727000,7.750000,7.600000,7.600000,5.375214,2500
2017-11-07,7.800000,7.800000,7.550000,7.550000,5.339850,1200
2017-11-08,7.550000,7.550000,7.550000,7.550000,5.339850,0
2017-11-09,7.600000,7.880000,7.450000,7.525000,5.322169,16300
2017-11-10,7.750000,7.750000,7.000000,7.250000,5.127671,30100
2017-11-13,7.250000,7.275000,7.150000,7.275000,5.145353,15400
2017-11-14,7.200000,7.346000,7.150000,7.250000,5.127671,16600
2017-11-15,7.200000,7.400000,7.200000,7.350000,5.198397,11400
2017-11-16,7.350000,7.509000,7.350000,7.442000,5.263466,7700
2017-11-17,7.600000,7.900000,7.400000,7.500000,5.304487,18700
2017-11-20,7.500000,7.500000,7.500000,7.500000,5.304487,0
2017-11-21,7.500000,7.650000,7.500000,7.550000,5.339850,2300
2017-11-22,7.550000,7.550000,7.550000,7.550000,5.339850,0
2017-11-24,7.625000,7.638000,7.550000,7.600000,5.375214,12100
2017-11-27,7.600000,7.600000,7.500000,7.500000,5.304487,2700
2017-11-28,7.500000,7.553000,7.500000,7.500000,5.304487,15800
2017-11-29,7.500000,7.500000,7.500000,7.500000,5.304487,0
2017-11-30,7.900000,7.950000,7.600000,7.600000,5.375214,19200
2017-12-01,7.670000,7.670000,7.600000,7.600000,5.375214,6700
2017-12-04,7.600000,7.600000,7.550000,7.600000,5.375214,3700
2017-12-05,7.600000,7.600000,7.600000,7.600000,5.375214,0
2017-12-06,7.650000,7.650000,7.550000,7.550000,5.339850,700
2017-12-07,7.550000,7.550000,7.550000,7.550000,5.339850,1300
2017-12-08,7.550000,7.600000,7.500000,7.550000,5.339850,5000
2017-12-11,7.650000,7.650000,7.650000,7.650000,5.410577,200
2017-12-12,7.550000,7.650000,7.550000,7.650000,5.410577,1700
2017-12-13,7.650000,7.650000,7.550000,7.550000,5.339850,200
2017-12-14,7.612000,7.612000,7.612000,7.612000,5.383701,2000
2017-12-15,7.550000,7.650000,7.550000,7.550000,5.339850,1400
2017-12-18,7.650000,7.650000,7.550000,7.550000,5.339850,2500
2017-12-19,7.650000,7.650000,7.650000,7.650000,5.410577,200
2017-12-20,7.550000,7.550000,7.550000,7.550000,5.339850,800
2017-12-21,7.550000,7.650000,7.550000,7.575000,5.357532,1100
2017-12-22,7.650000,7.650000,7.650000,7.650000,5.410577,100
2017-12-26,7.550000,7.650000,7.550000,7.650000,5.410577,3600
2017-12-27,7.650000,7.672000,7.650000,7.672000,5.426136,2600
2017-12-28,7.672000,7.672000,7.672000,7.672000,5.426136,0
2017-12-29,7.612000,7.612000,7.612000,7.612000,5.383701,1100
2018-01-02,7.650000,7.650000,7.550000,7.550000,5.339850,700
2018-01-03,7.700000,7.700000,7.662000,7.662000,5.419064,600
2018-01-04,7.573000,7.573000,7.550000,7.555000,5.343387,3000
2018-01-05,7.595000,7.595000,7.550000,7.550000,5.339850,1800
2018-01-08,7.550000,7.550000,7.550000,7.550000,5.339850,0
2018-01-09,7.550000,7.550000,7.550000,7.550000,5.339850,0
2018-01-10,7.550000,7.550000,7.550000,7.550000,5.339850,0
2018-01-11,7.550000,7.550000,7.500000,7.550000,5.339850,4200
2018-01-12,7.550000,7.550000,7.550000,7.550000,5.339850,2100
2018-01-16,7.550000,7.700000,7.550000,7.700000,5.445940,2100
2018-01-17,7.550000,7.750000,7.550000,7.750000,5.481303,5200
2018-01-18,7.600000,7.750000,7.550000,7.600000,5.375214,1600
2018-01-19,7.593000,7.725000,7.550000,7.708000,5.451599,5700
2018-01-22,7.700000,7.800000,7.700000,7.800000,5.516667,4900
2018-01-23,7.600000,7.800000,7.600000,7.800000,5.516667,4400
2018-01-24,7.600000,7.600000,7.600000,7.600000,5.375214,1700
2018-01-25,7.600000,7.605000,7.600000,7.600000,5.375214,1800
2018-01-26,7.600000,7.606000,7.600000,7.606000,5.379457,600
2018-01-29,7.600000,7.800000,7.600000,7.700000,5.445940,1300
2018-01-30,7.800000,7.805000,7.778000,7.800000,5.516667,6100
2018-01-31,7.800000,7.800000,7.600000,7.600000,5.375214,600
2018-02-01,7.600000,7.600000,7.550000,7.550000,5.339850,3100
2018-02-02,7.550000,7.555000,7.500000,7.550000,5.339850,5600
2018-02-05,7.500000,7.550000,7.500000,7.500000,5.304487,9700
2018-02-06,7.555000,7.555000,7.500000,7.550000,5.339850,3600
2018-02-07,7.550000,7.550000,7.500000,7.550000,5.339850,4500
2018-02-08,7.600000,7.600000,7.550000,7.550000,5.339850,2100
2018-02-09,7.550000,7.550000,6.750000,6.900000,4.880128,4100
2018-02-12,7.200000,7.350000,6.900000,7.200000,5.092308,25400
2018-02-13,7.150000,7.600000,6.850000,6.900000,4.880128,47100
2018-02-14,7.095000,7.200000,7.095000,7.150000,5.056944,7200
2018-02-15,7.100000,7.150000,7.050000,7.150000,5.056944,3100
2018-02-16,7.200000,7.200000,7.200000,7.200000,5.092308,100
2018-02-20,7.200000,7.250000,7.200000,7.200000,5.092308,400
2018-02-21,7.100000,7.250000,7.100000,7.150000,5.056944,6900
2018-02-22,6.955000,7.150000,6.955000,7.150000,5.056944,1000
2018-02-23,7.150000,7.150000,7.150000,7.150000,5.056944,0
2018-02-26,7.150000,7.150000,7.150000,7.150000,5.056944,0
2018-02-27,7.150000,7.300000,6.950000,6.950000,4.915491,8500
2018-02-28,6.900000,6.950000,6.750000,6.900000,4.880128,14600
2018-03-01,6.700000,7.050000,6.600000,7.050000,4.986218,3100
2018-03-02,7.000000,7.000000,6.850000,6.850000,4.844765,400
2018-03-05,7.275000,7.275000,7.150000,7.150000,5.056944,1100
2018-03-06,6.950000,7.000000,6.850000,6.850000,4.844765,9000
2018-03-07,6.800000,6.800000,6.800000,6.800000,4.809402,400
2018-03-08,6.900000,6.950000,6.800000,6.800000,4.809402,5100
2018-03-09,6.650000,6.800000,6.600000,6.800000,4.809402,6600
2018-03-12,6.800000,6.800000,6.700000,6.700000,4.738675,700
2018-03-13,6.700000,6.705000,6.700000,6.705000,4.742211,800
2018-03-14,6.705000,6.705000,6.705000,6.705000,4.742211,0
2018-03-15,6.705000,6.705000,6.705000,6.705000,4.742211,0
2018-03-16,6.950000,6.950000,6.950000,6.950000,4.915491,1300
2018-03-19,6.950000,6.950000,6.950000,6.950000,4.915491,0
2018-03-20,7.200000,7.200000,7.200000,7.200000,5.092308,100
2018-03-21,7.500000,7.500000,7.500000,7.500000,5.304487,1000
2018-03-22,7.950000,7.950000,6.350000,7.800000,5.516667,2200
2018-03-23,7.500000,7.500000,6.400000,7.050000,4.986218,2900
2018-03-26,6.900000,6.945000,6.900000,6.900000,4.880128,500
2018-03-27,6.900000,6.900000,6.900000,6.900000,4.880128,0
2018-03-28,6.900000,6.900000,6.900000,6.900000,4.880128,0
2018-03-29,5.650000,6.600000,4.753000,6.600000,4.667949,270600
2018-04-02,6.700000,6.700000,5.500000,6.000000,4.243590,6500
2018-04-03,5.600000,5.950000,5.555000,5.600000,3.960684,3300
2018-04-04,6.379000,6.379000,6.000000,6.076000,4.297342,4400
2018-04-05,6.100000,6.300000,5.975000,5.975000,4.225908,700
2018-04-06,5.400000,6.200000,5.400000,5.950000,4.208226,4000
2018-04-09,5.500000,5.850000,5.500000,5.850000,4.137500,2000
2018-04-10,5.200000,6.050000,5.200000,6.000000,4.243590,3800
2018-04-11,5.100000,5.850000,5.100000,5.850000,4.137500,4900
2018-04-12,5.500000,6.000000,5.400000,5.950000,4.208226,14800
2018-04-13,5.950000,5.950000,5.750000,5.750000,4.066773,1800
2018-04-16,5.750000,5.750000,5.750000,5.750000,4.066773,200
2018-04-17,5.750000,5.750000,5.750000,5.750000,4.066773,0
2018-04-18,5.850000,6.000000,5.850000,5.850000,4.137500,500
2018-04-19,5.907000,5.907000,5.907000,5.907000,4.177814,200
2018-04-20,5.850000,5.936000,5.850000,5.936000,4.198325,1200
2018-04-23,5.936000,5.936000,5.936000,5.936000,4.198325,0
2018-04-24,5.936000,5.936000,5.936000,5.936000,4.198325,0
2018-04-25,5.950000,5.950000,5.950000,5.950000,4.208226,1100
2018-04-26,5.950000,5.950000,5.855000,5.950000,4.208226,4100
2018-04-27,5.950000,5.950000,5.850000,5.850000,4.137500,1200
2018-04-30,5.875000,5.900000,5.536000,5.750000,4.066773,17900
2018-05-01,6.150000,6.375000,5.500000,6.250000,4.420406,19900
2018-05-02,6.250000,6.500000,5.850000,5.850000,4.137500,16300
2018-05-03,5.850000,5.850000,5.850000,5.850000,4.137500,0
2018-05-04,5.650000,6.050000,5.600000,5.750000,4.066773,20500
2018-05-07,5.650000,5.700000,5.650000,5.700000,4.031410,2300
2018-05-08,5.500000,5.850000,5.450000,5.550000,3.925321,19700
2018-05-09,5.400000,5.900000,5.370000,5.900000,4.172863,6600
2018-05-10,5.550000,5.700000,5.305000,5.700000,4.031410,12700
2018-05-11,5.425000,5.750000,5.200000,5.750000,4.066773,4100
2018-05-14,5.750000,5.750000,5.300000,5.300000,3.748504,200
2018-05-15,5.300000,5.300000,5.300000,5.300000,3.748504,0
2018-05-16,5.250000,5.500000,5.224000,5.350000,3.783867,3700
2018-05-17,5.400000,5.500000,5.295000,5.400000,3.819231,6700
2018-05-18,5.400000,5.400000,5.400000,5.400000,3.819231,0
2018-05-21,5.100000,5.500000,5.100000,5.500000,3.889957,1300
2018-05-22,5.450000,5.450000,5.300000,5.300000,3.748504,4700
2018-05-23,5.355000,5.450000,5.000000,5.200000,3.677778,9500
2018-05-24,5.200000,5.350000,5.000000,5.350000,3.783867,13500
2018-05-25,5.105000,5.105000,5.050000,5.050000,3.571688,6000
2018-05-29,5.000000,5.075000,5.000000,5.057000,3.576639,11800
2018-05-30,5.000000,5.000000,5.000000,5.000000,3.536325,500
2018-05-31,5.131000,5.150000,5.131000,5.150000,3.642415,2500
2018-06-01,5.150000,5.150000,5.150000,5.150000,3.642415,200
2018-06-04,5.200000,5.200000,5.100000,5.100000,3.607051,2000
2018-06-05,5.200000,5.850000,5.200000,5.200000,3.677778,9500
2018-06-06,5.200000,5.275000,5.150000,5.250000,3.713141,21900
2018-06-07,5.160000,5.200000,5.160000,5.200000,3.677778,1700
2018-06-08,5.500000,5.533000,5.250000,5.250000,3.713141,3500
2018-06-11,5.250000,5.250000,5.250000,5.250000,3.713141,0
2018-06-12,5.100000,5.100000,5.000000,5.100000,3.607051,1700
2018-06-13,5.150000,5.250000,5.150000,5.200000,3.677778,2700
2018-06-14,5.405000,5.405000,5.100000,5.100000,3.607051,2200
2018-06-15,4.650000,4.795000,4.570000,4.750000,3.359509,2500
2018-06-18,5.005000,5.300000,5.005000,5.300000,3.748504,2300
2018-06-19,5.350000,5.400000,5.350000,5.400000,3.819231,300
2018-06-20,5.400000,5.400000,5.028000,5.150000,3.642415,2500
2018-06-21,5.255000,5.315000,4.945000,4.990000,3.529252,4300
2018-06-22,5.226000,5.300000,4.949000,5.200000,3.677778,3600
2018-06-25,5.200000,5.200000,5.200000,5.200000,3.677778,0
2018-06-26,5.200000,5.200000,5.200000,5.200000,3.677778,0
2018-06-27,5.400000,5.400000,4.822000,5.219000,3.691216,10600
2018-06-28,5.050000,5.150000,5.050000,5.100000,3.607051,1400
2018-06-29,4.850000,5.100000,4.850000,5.100000,3.607051,1800
2018-07-02,5.050000,5.150000,5.050000,5.150000,3.642415,2400
2018-07-03,5.350000,5.350000,5.100000,5.150000,3.642415,5700
2018-07-05,5.220000,5.300000,5.150000,5.150000,3.642415,5100
2018-07-06,5.505000,5.950000,5.060000,5.150000,3.642415,13500
2018-07-09,5.550000,5.925000,5.150000,5.150000,3.642415,8000
2018-07-10,5.000000,5.000000,5.000000,5.000000,3.536325,200
2018-07-11,5.850000,5.850000,5.350000,5.350000,3.783867,3100
2018-07-12,5.250000,5.485000,5.050000,5.485000,3.879349,15600
2018-07-13,5.250000,5.800000,5.200000,5.800000,4.102137,1100
2018-07-16,5.450000,5.750000,5.200000,5.300000,3.748504,20400
2018-07-17,5.308000,5.520000,5.250000,5.485000,3.879349,2800
2018-07-18,5.400000,5.470000,5.250000,5.470000,3.868739,3000
2018-07-19,5.300000,5.350000,5.300000,5.350000,3.783867,700
2018-07-20,5.125000,5.350000,5.102000,5.150000,3.642415,3100
2018-07-23,5.250000,5.335000,4.900000,5.335000,3.773259,2500
2018-07-24,5.350000,5.805000,5.100000,5.250000,3.713141,6900
2018-07-25,5.350000,5.500000,5.000000,5.200000,3.677778,2900
2018-07-26,5.200000,5.620000,5.050000,5.620000,3.974829,3700
2018-07-27,5.350000,5.350000,5.000000,5.350000,3.783867,800
2018-07-30,5.050000,5.350000,5.050000,5.300000,3.748504,2400
2018-07-31,5.100000,5.350000,5.000000,5.050000,3.571688,2200
2018-08-01,5.000000,5.200000,5.000000,5.150000,3.642415,2000
2018-08-02,5.100000,5.100000,4.800000,5.000000,3.536325,6000
2018-08-03,5.100000,5.100000,4.400000,4.550000,3.218056,23800
2018-08-06,4.800000,5.000000,4.600000,4.850000,3.430235,13300
2018-08-07,4.850000,4.850000,4.850000,4.850000,3.430235,0
2018-08-08,4.850000,4.900000,4.550000,4.650000,3.288782,18800
2018-08-09,4.750000,4.750000,4.750000,4.750000,3.359509,400
2018-08-10,4.750000,4.750000,4.750000,4.750000,3.359509,200
2018-08-13,4.950000,4.950000,4.950000,4.950000,3.500961,100
2018-08-14,4.950000,4.950000,4.950000,4.950000,3.500961,0
2018-08-15,4.700000,4.800000,4.700000,4.800000,3.394872,1700
2018-08-16,4.800000,4.800000,4.800000,4.800000,3.394872,0
2018-08-17,4.800000,4.800000,4.800000,4.800000,3.394872,0
2018-08-20,4.760000,4.760000,4.750000,4.760000,3.366581,3700
2018-08-21,4.826000,4.826000,4.750000,4.750000,3.359509,400
2018-08-22,4.750000,4.750000,4.750000,4.750000,3.359509,0
2018-08-23,4.750000,4.750000,4.750000,4.750000,3.359509,0
2018-08-24,4.750000,5.040000,4.400000,4.900000,3.465598,11200
2018-08-27,4.600000,4.950000,4.600000,4.600000,3.253419,1800
2018-08-28,4.600000,4.600000,4.600000,4.600000,3.253419,0
2018-08-29,4.600000,4.600000,4.600000,4.600000,3.253419,0
2018-08-30,4.600000,4.600000,4.600000,4.600000,3.253419,0
2018-08-31,4.600000,4.600000,4.600000,4.600000,3.253419,0
2018-09-04,4.600000,4.600000,4.600000,4.600000,3.253419,0
2018-09-05,5.050000,5.050000,4.700000,4.950000,3.500961,8300
2018-09-06,4.950000,4.950000,4.700000,4.700000,3.324145,1900
2018-09-07,4.850000,5.000000,4.850000,5.000000,3.536325,1000
2018-09-10,4.700000,4.700000,4.700000,4.700000,3.324145,100
2018-09-11,4.925000,4.925000,4.700000,4.750000,3.359509,1300
2018-09-12,4.700000,4.750000,4.700000,4.700000,3.324145,3700
2018-09-13,4.700000,4.700000,4.523000,4.600000,3.253419,12500
2018-09-14,4.700000,4.800000,4.695000,4.700000,3.324145,2500
2018-09-17,4.750000,5.326000,4.750000,5.000000,3.536325,4800
2018-09-18,5.000000,5.000000,5.000000,5.000000,3.536325,0
2018-09-19,4.750000,5.450000,4.750000,5.050000,3.571688,3300
2018-09-20,4.800000,4.800000,4.800000,4.800000,3.394872,200
2018-09-21,5.100000,5.300000,5.100000,5.300000,3.748504,3100
2018-09-24,5.126000,5.126000,5.100000,5.100000,3.607051,900
2018-09-25,5.100000,5.100000,5.100000,5.100000,3.607051,0
2018-09-26,5.100000,5.100000,5.100000,5.100000,3.607051,0
2018-09-27,5.100000,5.100000,5.100000,5.100000,3.607051,0
2018-09-28,4.900000,4.900000,4.900000,4.900000,3.465598,100
2018-10-01,4.774000,4.970000,4.774000,4.940000,3.493889,2200
2018-10-02,5.176000,5.176000,4.830000,4.900000,3.465598,1700
2018-10-03,4.520000,4.940000,4.520000,4.940000,3.493889,200
2018-10-04,4.940000,4.940000,4.940000,4.940000,3.493889,0
2018-10-05,4.940000,4.940000,4.940000,4.940000,3.493889,0
2018-10-08,5.320000,5.320000,5.320000,5.320000,3.762650,300
2018-10-09,5.000000,5.000000,5.000000,5.000000,3.536325,1200
2018-10-10,4.750000,4.750000,4.750000,4.750000,3.359509,2600
2018-10-11,4.750000,4.750000,4.750000,4.750000,3.359509,0
2018-10-12,4.980000,5.450000,4.800000,5.010000,3.543398,2500
2018-10-15,4.600000,5.157000,4.600000,4.650000,3.288782,4400
2018-10-16,4.890000,5.015000,4.890000,5.000000,3.536325,19500
2018-10-17,4.800000,4.820000,4.750000,4.750000,3.359509,5400
2018-10-18,4.750000,4.770000,4.750000,4.750000,3.359509,3000
2018-10-19,4.940000,5.000000,4.940000,5.000000,3.536325,13200
2018-10-22,5.000000,5.000000,5.000000,5.000000,3.536325,0
2018-10-23,4.730000,4.750000,4.700000,4.700000,3.324145,1000
2018-10-24,4.700000,4.700000,4.700000,4.700000,3.324145,100
2018-10-25,4.900000,4.940000,4.870000,4.870000,3.444380,1100
2018-10-26,4.930000,4.990000,4.600000,4.990000,3.529252,1400
2018-10-29,4.700000,4.710000,4.700000,4.710000,3.331218,300
2018-10-30,4.710000,4.710000,4.710000,4.710000,3.331218,100
2018-10-31,4.950000,5.000000,4.950000,5.000000,3.536325,1300
2018-11-01,5.000000,5.500000,5.000000,5.070000,3.585834,4600
2018-11-02,5.070000,5.070000,5.070000,5.070000,3.585834,100
2018-11-05,4.800000,5.000000,4.800000,5.000000,3.536325,800
2018-11-06,5.000000,5.000000,5.000000,5.000000,3.536325,0
2018-11-07,5.000000,5.480000,5.000000,5.480000,3.875812,6600
2018-11-08,5.480000,5.480000,5.480000,5.480000,3.875812,0
2018-11-09,5.500000,5.500000,5.500000,5.500000,3.889957,25200
2018-11-12,5.650000,5.972000,5.650000,5.972000,4.223786,1300
2018-11-13,6.000000,6.000000,6.000000,6.000000,4.243590,300
2018-11-14,6.000000,6.000000,6.000000,6.000000,4.243590,100
2018-11-15,6.000000,6.000000,6.000000,6.000000,4.243590,100
2018-11-16,6.000000,6.000000,6.000000,6.000000,4.243590,100
2018-11-19,5.500000,5.500000,5.180000,5.200000,3.677778,4100
2018-11-20,5.440000,5.440000,5.440000,5.440000,3.847521,200
2018-11-21,5.440000,5.440000,5.440000,5.440000,3.847521,100
2018-11-23,5.500000,5.500000,5.500000,5.500000,3.889957,1000
2018-11-26,5.250000,5.250000,5.250000,5.250000,3.713141,1000
2018-11-27,5.150000,5.224000,5.150000,5.224000,3.694752,2600
2018-11-28,5.170000,5.170000,5.170000,5.170000,3.656560,100
2018-11-29,5.150000,5.250000,5.150000,5.230000,3.698996,2900
2018-11-30,5.268000,5.476000,5.268000,5.476000,3.872983,4000
2018-12-03,5.150000,5.490000,5.150000,5.490000,3.882885,5200
2018-12-04,5.500000,5.500000,5.150000,5.450000,3.854594,800
2018-12-06,5.150000,5.350000,5.150000,5.350000,3.783867,7200
2018-12-07,5.450000,5.450000,4.945000,4.945000,3.497425,12000
2018-12-10,5.150000,5.153000,5.150000,5.150000,3.642415,9000
2018-12-11,5.150000,5.166000,5.135000,5.150000,3.642415,14500
2018-12-12,5.120000,5.176000,5.120000,5.120000,3.621197,1600
2018-12-13,5.430000,5.454000,4.956000,5.180000,3.663632,22600
2018-12-14,5.150000,5.500000,5.150000,5.500000,3.889957,1200
2018-12-17,5.500000,5.500000,5.500000,5.500000,3.889957,100
2018-12-18,5.150000,5.500000,5.150000,5.325000,3.766186,700
2018-12-19,5.325000,5.325000,5.325000,5.325000,3.766186,100
2018-12-20,5.325000,5.325000,5.325000,5.325000,3.766186,100
2018-12-21,5.500000,5.500000,5.150000,5.150000,3.642415,2100
2018-12-24,5.274000,5.274000,5.274000,5.274000,3.730115,1300
2018-12-26,5.274000,5.274000,5.274000,5.274000,3.730115,100
2018-12-27,5.150000,5.150000,5.150000,5.150000,3.642415,400
2018-12-28,5.150000,5.500000,5.150000,5.150000,3.642415,1200
2018-12-31,5.500000,5.500000,5.220000,5.250000,3.713141,25800
2019-01-02,5.500000,5.500000,5.500000,5.500000,3.889957,200
2019-01-03,5.500000,5.500000,5.500000,5.500000,3.889957,100
2019-01-04,5.500000,5.500000,5.500000,5.500000,3.889957,100
2019-01-07,5.500000,5.500000,5.500000,5.500000,3.889957,100
2019-01-08,5.500000,5.500000,5.500000,5.500000,3.889957,100
2019-01-09,5.500000,5.500000,5.500000,5.500000,3.889957,100
2019-01-10,5.500000,5.500000,5.500000,5.500000,3.889957,100
2019-01-11,5.500000,5.500000,5.150000,5.170000,3.656560,700
2019-01-14,5.170000,5.170000,5.170000,5.170000,3.656560,100
2019-01-15,5.170000,5.170000,5.150000,5.150000,3.642415,6000
2019-01-16,5.460000,5.460000,5.460000,5.460000,3.861667,400
2019-01-17,5.300000,5.300000,5.150000,5.150000,3.642415,5000
2019-01-18,5.150000,5.150000,5.150000,5.150000,3.642415,200
2019-01-22,5.150000,5.150000,5.150000,5.150000,3.642415,3700
2019-01-23,5.204000,5.378000,5.150000,5.347000,3.781746,4200
2019-01-24,5.163000,5.163000,5.000000,5.070000,3.585834,9000
2019-01-25,5.000000,5.000000,5.000000,5.000000,3.536325,4500
2019-01-28,5.000000,5.003000,4.770000,5.000000,3.536325,11500
2019-01-29,5.030000,5.225000,4.900000,5.100000,3.607051,11200
2019-01-30,5.100000,5.100000,5.100000,5.100000,3.607051,0
2019-01-31,5.100000,5.100000,5.100000,5.100000,3.607051,100
2019-02-01,5.440000,5.440000,5.150000,5.150000,3.642415,700
2019-02-04,5.490000,5.666000,5.490000,5.666000,4.007363,3200
2019-02-05,5.500000,5.550000,5.500000,5.550000,3.925321,24500
2019-02-06,5.550000,5.550000,5.550000,5.550000,3.925321,0
2019-02-07,5.550000,5.890000,5.070000,5.300000,3.748504,9500
2019-02-08,5.300000,5.300000,5.300000,5.300000,3.748504,200
2019-02-11,5.150000,5.530000,5.150000,5.280000,3.734359,1200
2019-02-12,5.560000,5.560000,5.500000,5.516000,3.901273,2000
2019-02-13,5.840000,5.840000,5.840000,5.840000,4.130427,100
2019-02-14,5.347000,6.050000,5.331000,5.850000,4.137500,8000
2019-02-15,6.020000,6.020000,5.320000,5.320000,3.762650,4500
2019-02-19,5.530000,5.700000,5.250000,5.380000,3.805086,12200
2019-02-20,5.210000,5.210000,5.210000,5.210000,3.684850,100
2019-02-21,5.200000,5.200000,5.200000,5.200000,3.677778,300
2019-02-22,5.010000,5.175000,5.010000,5.050000,3.571688,3200
2019-02-25,5.461000,5.461000,5.461000,5.461000,3.862374,200
2019-02-26,5.460000,5.500000,5.180000,5.180000,3.663632,4400
2019-02-27,5.040000,5.040000,5.040000,5.040000,3.564615,100
2019-02-28,5.465000,5.465000,5.020000,5.230000,3.698996,10600
2019-03-01,5.161000,5.161000,5.161000,5.161000,3.650194,200
2019-03-04,5.161000,5.161000,5.161000,5.161000,3.650194,100
2019-03-05,5.161000,5.161000,5.161000,5.161000,3.650194,100
2019-03-06,5.430000,5.430000,5.292000,5.292000,3.742846,500
2019-03-07,5.292000,5.292000,5.292000,5.292000,3.742846,100
2019-03-08,5.380000,5.380000,5.060000,5.060000,3.578761,800
2019-03-11,4.970000,5.080000,4.920000,4.980000,3.522180,66100
2019-03-12,5.030000,5.080000,4.930000,4.930000,3.486816,2800
2019-03-13,5.120000,5.191000,4.900000,4.900000,3.465598,7000
2019-03-14,5.045000,5.182000,4.870000,4.870000,3.444380,1200
2019-03-15,4.960000,5.005000,4.900000,4.900000,3.465598,800
2019-03-18,4.920000,4.940000,4.900000,4.928000,3.485402,9600
2019-03-19,5.000000,5.400000,4.950000,5.055000,3.575224,12000
2019-03-20,4.960000,5.106000,4.948000,5.040000,3.564615,18000
2019-03-21,4.870000,5.085000,4.870000,4.880000,3.451453,1300
2019-03-22,4.890000,4.900000,4.850000,4.850000,3.430235,2800
2019-03-25,5.150000,5.150000,4.870000,4.900000,3.465598,1000
2019-03-26,4.874000,4.931000,4.850000,4.931000,3.487524,1500
2019-03-27,4.931000,4.931000,4.931000,4.931000,3.487524,100
2019-03-28,4.931000,4.931000,4.931000,4.931000,3.487524,100
2019-03-29,5.000000,5.000000,4.860000,4.860000,3.437308,800
2019-04-01,4.950000,5.240000,4.950000,5.050000,3.571688,10900
2019-04-02,5.150000,5.150000,5.050000,5.150000,3.642415,5200
2019-04-03,5.250000,5.266000,5.240000,5.250000,3.713141,47300
2019-04-04,5.260000,5.810000,5.116000,5.120000,3.621197,31300
2019-04-05,5.050000,5.252000,4.990000,5.030000,3.557543,8000
2019-04-08,5.060000,5.235000,4.987000,5.120000,3.621197,3600
2019-04-09,5.120000,5.120000,5.120000,5.120000,3.621197,100
2019-04-10,5.030000,5.100000,5.000000,5.010000,3.543398,2400
2019-04-11,4.980000,5.000000,4.880000,5.000000,3.536325,3600
2019-04-12,5.000000,5.215000,4.850000,5.000000,3.536325,34700
2019-04-15,5.060000,5.090000,5.060000,5.090000,3.599979,300
2019-04-16,5.099000,5.250000,5.000000,5.250000,3.713141,12000
2019-04-17,5.250000,5.481000,5.050000,5.050000,3.571688,25200
2019-04-18,5.200000,5.545000,5.154000,5.250000,3.713141,54700
2019-04-22,5.250000,5.360000,5.250000,5.360000,3.790940,1600
2019-04-23,5.400000,5.400000,5.235000,5.380000,3.805086,2100
2019-04-24,5.430000,5.430000,5.430000,5.430000,3.840449,400
2019-04-25,5.250000,5.270000,5.250000,5.270000,3.727286,1000
2019-04-26,5.260000,5.260000,5.210000,5.210000,3.684850,1000
2019-04-29,5.240000,5.250000,5.030000,5.030000,3.557543,11700
2019-04-30,5.169000,5.169000,5.169000,5.169000,3.655853,1300
2019-05-01,5.040000,5.040000,5.040000,5.040000,3.564615,200
2019-05-02,5.040000,5.040000,5.040000,5.040000,3.564615,100
2019-05-03,5.200000,5.200000,5.010000,5.010000,3.543398,1300
2019-05-06,5.190000,5.190000,5.040000,5.040000,3.564615,1400
2019-05-07,5.170000,5.190000,5.170000,5.190000,3.670705,700
2019-05-08,5.170000,5.170000,5.090000,5.150000,3.642415,5200
2019-05-09,5.169000,5.200000,5.169000,5.200000,3.677778,4300
2019-05-10,5.200000,5.200000,5.200000,5.200000,3.677778,500
2019-05-13,5.200000,5.250000,5.140000,5.140000,3.635342,5600
2019-05-14,5.070000,5.150000,4.950000,4.950000,3.500961,13700
2019-05-15,5.000000,5.230000,5.000000,5.010000,3.543398,14200
2019-05-16,5.131000,5.131000,5.131000,5.131000,3.628977,100
2019-05-17,5.250000,5.250000,5.100000,5.100000,3.607051,5500
2019-05-20,5.170000,5.200000,5.084000,5.160000,3.649487,13900
2019-05-21,5.300000,5.606000,5.102000,5.102000,3.608466,6800
2019-05-22,5.110000,5.150000,5.110000,5.150000,3.642415,600
2019-05-23,5.100000,5.220000,5.040000,5.040000,3.564615,10600
2019-05-24,5.040000,5.040000,5.040000,5.040000,3.564615,100
2019-05-28,5.040000,5.040000,5.040000,5.040000,3.564615,100
2019-05-29,5.040000,5.040000,5.000000,5.013000,3.545519,1800
2019-05-30,5.025000,5.100000,5.025000,5.050000,3.571688,9400
2019-05-31,5.050000,5.050000,5.050000,5.050000,3.571688,100
2019-06-03,5.100000,5.210000,5.100000,5.210000,3.684850,10300
2019-06-04,5.210000,5.210000,5.210000,5.210000,3.684850,100
2019-06-05,5.000000,5.000000,4.900000,5.000000,3.536325,17500
2019-06-06,5.000000,5.100000,4.925000,5.100000,3.607051,34700
2019-06-07,4.920000,5.000000,4.898000,5.000000,3.536325,1500
2019-06-10,4.870000,5.028000,4.700000,4.855000,3.433771,15500
2019-06-11,4.660000,4.980000,4.660000,4.960000,3.508034,1000
2019-06-12,4.956000,4.956000,4.956000,4.956000,3.505205,2200
2019-06-13,4.950000,4.950000,4.950000,4.950000,3.500961,600
2019-06-14,4.950000,4.950000,4.620000,4.830000,3.416090,1200
2019-06-17,4.795000,4.970000,4.795000,4.940000,3.493889,2000
2019-06-18,4.660000,4.900000,4.660000,4.900000,3.465598,200
2019-06-19,4.770000,5.200000,4.650000,5.200000,3.677778,10700
2019-06-20,5.080000,5.150000,4.660000,4.810000,3.401944,4900
2019-06-21,4.910000,5.070000,4.730000,4.730000,3.345363,1200
2019-06-24,4.670000,5.110000,4.670000,5.100000,3.607051,700
2019-06-25,4.910000,5.090000,4.910000,5.090000,3.599979,900
2019-06-26,4.880000,5.050000,4.850000,4.850000,3.430235,4000
2019-06-27,5.149000,5.149000,4.730000,4.730000,3.345363,7400
2019-06-28,4.893000,4.893000,4.720000,4.750000,3.359509,4200
2019-07-01,6.000000,6.760000,5.400000,5.640000,3.988974,671600
2019-07-02,5.640000,5.872000,5.520000,5.850000,4.137500,37500
2019-07-03,5.500000,5.749000,5.500000,5.580000,3.946538,11100
2019-07-05,5.528000,5.696000,5.528000,5.600000,3.960684,6200
2019-07-08,5.517000,5.750000,5.511000,5.600000,3.960684,12500
2019-07-09,5.630000,5.650000,5.600000,5.650000,3.996047,4900
2019-07-10,5.600000,5.700000,5.600000,5.650000,3.996047,4900
2019-07-11,5.628000,5.750000,5.600000,5.628000,3.980487,3600
2019-07-12,5.600000,5.600000,5.550000,5.550000,3.925321,4300
2019-07-15,5.565000,5.610000,5.560000,5.610000,3.967757,2600
2019-07-16,5.629000,5.660000,5.430000,5.620000,3.974829,12900
2019-07-17,5.500000,5.660000,5.500000,5.640000,3.988974,2000
2019-07-18,5.680000,5.680000,5.500000,5.590000,3.953611,7200
2019-07-19,5.590000,5.590000,5.590000,5.590000,3.953611,100
2019-07-22,5.500000,5.580000,5.320000,5.500000,3.889957,17100
2019-07-23,5.500000,5.500000,5.500000,5.500000,3.889957,100
2019-07-24,5.500000,5.500000,5.500000,5.500000,3.889957,700
2019-07-25,5.500000,5.500000,5.500000,5.500000,3.889957,100
2019-07-26,5.410000,5.450000,5.400000,5.400000,3.819231,6700
2019-07-29,5.437000,5.450000,5.240000,5.350000,3.783867,27300
2019-07-30,5.440000,5.440000,5.350000,5.350000,3.783867,900
2019-07-31,5.480000,5.480000,5.350000,5.350000,3.783867,1900
2019-08-01,5.405000,5.405000,5.220000,5.220000,3.691923,1600
2019-08-02,5.405000,5.405000,5.220000,5.220000,3.691923,100
2019-08-05,5.317000,5.317000,5.317000,5.317000,3.760528,200
2019-08-06,5.300000,5.320000,5.160000,5.250000,3.713141,5500
2019-08-07,5.260000,5.260000,5.200000,5.200000,3.677778,10300
2019-08-08,5.200000,5.260000,5.200000,5.200000,3.677778,600
2019-08-09,5.200000,5.400000,5.200000,5.390000,3.812158,1600
2019-08-12,5.200000,5.400000,5.200000,5.390000,3.812158,100
2019-08-13,5.390000,5.390000,5.390000,5.390000,3.812158,200
2019-08-14,5.203000,5.560000,5.200000,5.250000,3.713141,10800
2019-08-15,5.146000,5.146000,5.146000,5.146000,3.639585,1000
2019-08-16,5.400000,5.400000,5.400000,5.400000,3.819231,100
2019-08-19,5.400000,5.400000,5.270000,5.283000,3.736481,33900
2019-08-20,5.270000,5.850000,5.250000,5.850000,4.137500,38500
2019-08-21,5.850000,5.850000,5.850000,5.850000,4.137500,0
2019-08-22,5.520000,5.700000,5.520000,5.600000,3.960684,5900
2019-08-23,5.750000,5.750000,5.560000,5.650000,3.996047,27100
2019-08-26,5.810000,5.810000,5.750000,5.750000,4.066773,600
2019-08-27,5.810000,5.810000,5.475000,5.480000,3.875812,65100
2019-08-28,5.610000,5.610000,5.525000,5.540000,3.918248,43400
2019-08-29,5.690000,5.690000,5.600000,5.600000,3.960684,1000
2019-08-30,5.760000,5.760000,5.580000,5.580000,3.946538,2400
2019-09-03,5.820000,5.820000,5.820000,5.820000,4.116282,500
2019-09-04,5.980000,6.000000,5.550000,5.890000,4.165791,7000
2019-09-05,5.890000,5.890000,5.490000,5.600000,3.960684,2700
2019-09-06,5.430000,5.540000,5.420000,5.420000,3.833376,6400
2019-09-09,6.000000,6.146000,5.810000,5.974000,4.225201,24800
2019-09-10,6.080000,6.190000,5.785000,5.960000,4.215299,8700
2019-09-11,6.070000,6.070000,5.880000,6.000000,4.243590,37900
2019-09-12,5.950000,6.000000,5.820000,5.954000,4.211056,14500
2019-09-13,5.950000,6.000000,5.720000,5.920000,4.187008,15200
2019-09-16,6.110000,6.110000,5.851000,5.990000,4.236517,24700
2019-09-17,5.950000,6.000000,5.760000,5.760000,4.073846,4300
2019-09-18,5.790000,5.895000,5.770000,5.790000,4.095064,21900
2019-09-19,5.790000,5.890000,5.720000,5.890000,4.165791,9300
2019-09-20,5.900000,5.910000,5.790000,5.790000,4.095064,1800
2019-09-23,5.800000,5.960000,5.660000,5.660000,4.003119,18300
2019-09-24,5.446000,5.670000,5.446000,5.588000,3.952196,9800
2019-09-25,5.489000,5.550000,5.420000,5.460000,3.861667,3700
2019-09-26,5.510000,5.510000,5.351000,5.400000,3.819231,5600
2019-09-27,5.390000,5.450000,5.260000,5.260000,3.720214,7100
2019-09-30,5.300000,5.400000,5.220000,5.400000,3.819231,3000
2019-10-01,5.400000,5.400000,5.120000,5.170000,3.656560,13600
2019-10-02,5.280000,5.280000,5.070000,5.090000,3.599979,13200
2019-10-03,5.090000,5.240000,5.090000,5.200000,3.677778,1200
2019-10-04,5.330000,5.363000,5.160000,5.200000,3.677778,9800
2019-10-07,4.950000,4.950000,4.507000,4.680000,3.310000,62600
2019-10-08,4.590000,4.670000,4.120000,4.270000,4.270000,49800
2019-10-09,4.200000,4.460000,4.010000,4.010000,4.010000,7500
2019-10-10,4.140000,4.417000,4.010000,4.070000,4.070000,9800
2019-10-11,4.090000,4.120000,4.000000,4.070000,4.070000,8000
2019-10-14,4.030000,4.160000,3.995000,4.010000,4.010000,12900
2019-10-15,4.030000,4.030000,3.910000,3.910000,3.910000,3900
2019-10-16,3.840000,3.879000,3.500000,3.570000,3.570000,30400
2019-10-17,3.530000,3.530000,3.400000,3.400000,3.400000,24000
2019-10-18,3.400000,3.400000,3.400000,3.400000,3.400000,100
2019-10-21,3.410000,3.440000,3.400000,3.410000,3.410000,7500
2019-10-22,3.510000,3.510000,3.400000,3.410000,3.410000,3600
2019-10-23,3.446000,3.446000,3.446000,3.446000,3.446000,600
2019-10-24,3.467000,3.507000,3.410000,3.410000,3.410000,3900
2019-10-25,3.425000,3.450000,3.425000,3.450000,3.450000,1100
2019-10-28,3.440000,3.600000,3.440000,3.600000,3.600000,2100
2019-10-29,3.470000,3.590000,3.470000,3.580000,3.580000,1300
2019-10-30,3.442000,3.480000,3.420000,3.480000,3.480000,2100
2019-10-31,3.400000,3.535000,3.400000,3.500000,3.500000,1700
2019-11-01,3.450000,3.500000,3.450000,3.490000,3.490000,2800
2019-11-04,3.400000,3.500000,3.340000,3.440000,3.440000,8900
2019-11-05,3.440000,3.440000,3.320000,3.320000,3.320000,5100
2019-11-06,3.400000,3.400000,3.020000,3.220000,3.220000,34500
2019-11-07,3.400000,3.440000,3.300000,3.390000,3.390000,5200
2019-11-08,3.470000,3.470000,3.380000,3.440000,3.440000,900
2019-11-11,3.260000,3.360000,3.170000,3.200000,3.200000,1100
2019-11-12,3.250000,3.360000,3.030000,3.050000,3.050000,6400
2019-11-13,3.300000,3.300000,3.250000,3.250000,3.250000,400
2019-11-14,3.020000,3.110000,3.020000,3.110000,3.110000,2500
2019-11-15,3.050000,3.300000,3.050000,3.300000,3.300000,1200
2019-11-18,3.460000,3.460000,3.460000,3.460000,3.460000,400
2019-11-19,3.180000,3.180000,2.560000,2.720000,2.720000,324800
2019-11-20,2.810000,2.810000,2.720000,2.720000,2.720000,11900
2019-11-21,2.800000,2.800000,2.650000,2.650000,2.650000,1300
2019-11-22,2.690000,2.690000,2.470000,2.540000,2.540000,1400
2019-11-25,2.560000,2.630000,2.331000,2.540000,2.540000,4800
2019-11-26,2.355000,2.500000,2.355000,2.400000,2.400000,1700
2019-11-27,2.400000,2.400000,2.400000,2.400000,2.400000,0
2019-11-29,2.370000,2.370000,2.340000,2.340000,2.340000,2200
2019-12-02,2.210000,2.430000,2.210000,2.430000,2.430000,900
2019-12-03,2.430000,2.430000,2.430000,2.430000,2.430000,100
2019-12-04,2.430000,2.430000,2.230000,2.230000,2.230000,2800
2019-12-05,2.273000,2.370000,2.273000,2.350000,2.350000,1100
2019-12-06,2.363000,2.410000,2.363000,2.410000,2.410000,900
2019-12-09,2.241000,2.410000,2.241000,2.350000,2.350000,2200
2019-12-10,2.250000,2.250000,2.218000,2.218000,2.218000,1600
2019-12-11,2.201000,2.410000,2.200000,2.300000,2.300000,7200
2019-12-12,2.340000,2.340000,2.180000,2.330000,2.330000,1000
2019-12-13,2.330000,2.330000,2.330000,2.330000,2.330000,0
2019-12-16,2.122000,2.335000,2.122000,2.335000,2.335000,300
2019-12-17,2.430000,2.430000,2.237000,2.260000,2.260000,26800
2019-12-18,2.178000,2.210000,2.178000,2.210000,2.210000,200
2019-12-19,2.200000,2.300000,2.140000,2.230000,2.230000,2700
2019-12-20,2.370000,2.370000,2.250000,2.300000,2.300000,16300
2019-12-23,2.130000,2.370000,2.130000,2.190000,2.190000,14800
2019-12-24,2.240000,2.240000,2.205000,2.205000,2.205000,2300
2019-12-26,2.253000,2.270000,2.130000,2.260000,2.260000,3100
2019-12-27,2.280000,2.380000,2.150000,2.161000,2.161000,3700
2019-12-30,2.180000,2.350000,2.180000,2.350000,2.350000,1500
2019-12-31,2.341000,2.341000,2.270000,2.270000,2.270000,500
2020-01-02,2.300000,2.400000,2.300000,2.400000,2.400000,1700
2020-01-03,2.400000,2.400000,2.400000,2.400000,2.400000,0
2020-01-06,2.250000,2.270000,2.250000,2.270000,2.270000,800
2020-01-07,2.300000,2.380000,2.300000,2.375000,2.375000,800
2020-01-08,2.375000,2.375000,2.375000,2.375000,2.375000,0
2020-01-09,2.288000,2.419000,2.260000,2.357000,2.357000,11200
2020-01-10,2.420000,2.420000,2.420000,2.420000,2.420000,200
2020-01-13,2.320000,2.420000,2.310000,2.420000,2.420000,1000
2020-01-14,2.383000,2.430000,2.380000,2.420000,2.420000,1000
2020-01-15,2.380000,2.600000,2.330000,2.560000,2.560000,6300
2020-01-16,2.420000,2.560000,2.320000,2.480000,2.480000,9600
2020-01-17,2.480000,2.480000,2.480000,2.480000,2.480000,2100
2020-01-21,2.280000,2.418000,2.260000,2.418000,2.418000,5000
2020-01-22,2.381000,2.381000,2.381000,2.381000,2.381000,200
2020-01-23,2.381000,2.381000,2.381000,2.381000,2.381000,0
2020-01-24,2.293000,2.293000,2.293000,2.293000,2.293000,700
2020-01-27,2.220000,2.220000,2.220000,2.220000,2.220000,400
2020-01-28,2.314000,2.320000,2.300000,2.300000,2.300000,300
2020-01-29,2.270000,2.270000,2.120000,2.200000,2.200000,25200
2020-01-30,2.170000,2.170000,2.170000,2.170000,2.170000,300
2020-01-31,2.170000,2.170000,2.170000,2.170000,2.170000,0
2020-02-03,2.010000,2.210000,2.010000,2.210000,2.210000,2600
2020-02-04,2.180000,2.200000,2.125000,2.125000,2.125000,1000
2020-02-05,2.131000,2.160000,2.131000,2.160000,2.160000,500
2020-02-06,2.190000,2.250000,2.080000,2.190000,2.190000,2300
2020-02-07,2.050000,2.240000,2.050000,2.230000,2.230000,900
2020-02-10,2.270000,2.331000,2.260000,2.331000,2.331000,1700
2020-02-11,2.260000,2.620000,2.250000,2.480000,2.480000,57400
2020-02-12,2.519000,2.564000,2.150000,2.425000,2.425000,7700
2020-02-13,2.450000,2.450000,2.200000,2.200000,2.200000,3000
2020-02-14,2.120000,2.313000,2.060000,2.200000,2.200000,1300
2020-02-18,2.237000,2.237000,2.200000,2.200000,2.200000,2000
2020-02-19,2.133000,2.200000,2.133000,2.197000,2.197000,3700
2020-02-20,2.027000,2.124000,2.027000,2.050000,2.050000,1400
2020-02-21,2.129000,2.129000,2.050000,2.050000,2.050000,300
2020-02-24,2.180000,2.200000,2.132000,2.132000,2.132000,700
2020-02-25,2.040000,2.180000,1.875000,2.180000,2.180000,12300
2020-02-26,1.860000,1.941000,1.850000,1.941000,1.941000,1100
2020-02-27,1.990000,2.180000,1.990000,2.130000,2.130000,600
2020-02-28,2.150000,2.150000,2.150000,2.150000,2.150000,1400
2020-03-02,2.050000,2.050000,1.840000,2.050000,2.050000,2700
2020-03-03,1.830000,2.050000,1.610000,2.050000,2.050000,2900
2020-03-04,2.050000,2.050000,2.050000,2.050000,2.050000,0
2020-03-05,2.050000,2.050000,2.050000,2.050000,2.050000,0
2020-03-06,2.000000,2.000000,2.000000,2.000000,2.000000,100
2020-03-09,2.010000,2.050000,2.010000,2.050000,2.050000,1600
2020-03-10,1.640000,1.820000,1.620000,1.820000,1.820000,2000
2020-03-11,1.820000,1.820000,1.820000,1.820000,1.820000,0
2020-03-12,1.820000,1.820000,1.820000,1.820000,1.820000,0
2020-03-13,1.610000,1.800000,1.610000,1.800000,1.800000,600
2020-03-16,1.800000,1.800000,1.800000,1.800000,1.800000,0
2020-03-17,1.790000,1.790000,1.650000,1.780000,1.780000,1100
2020-03-18,1.780000,1.780000,1.780000,1.780000,1.780000,0
2020-03-19,1.780000,1.780000,1.780000,1.780000,1.780000,0
2020-03-20,1.550000,1.550000,1.550000,1.550000,1.550000,200
2020-03-23,1.550000,1.550000,1.550000,1.550000,1.550000,0
2020-03-24,1.600000,1.750000,1.400000,1.750000,1.750000,5600
2020-03-25,1.750000,1.750000,1.750000,1.750000,1.750000,200
2020-03-26,1.750000,1.750000,1.750000,1.750000,1.750000,200
2020-03-27,1.390000,1.750000,1.380000,1.690000,1.690000,3000
2020-03-30,1.480000,1.800000,1.480000,1.679000,1.679000,4000
2020-03-31,1.679000,1.679000,1.679000,1.679000,1.679000,0
2020-04-01,1.680000,1.680000,1.180000,1.250000,1.250000,46400
2020-04-02,1.250000,1.250000,1.050000,1.070000,1.070000,35900
2020-04-03,1.150000,1.200000,1.000000,1.180000,1.180000,8800
2020-04-06,1.100000,1.160000,1.000000,1.050000,1.050000,23900
2020-04-07,1.150000,1.150000,1.000000,1.080000,1.080000,25300
2020-04-08,1.140000,1.400000,1.010000,1.350000,1.350000,35500
2020-04-09,1.280000,1.290000,1.215000,1.277000,1.277000,40500
2020-04-13,1.270000,1.330000,1.195000,1.195000,1.195000,32200
2020-04-14,1.230000,1.230000,1.155000,1.230000,1.230000,700
2020-04-15,1.080000,1.370000,1.080000,1.161000,1.161000,23700
2020-04-16,1.370000,1.380000,1.150000,1.200000,1.200000,4500
2020-04-17,1.270000,1.300000,1.235000,1.300000,1.300000,3600
2020-04-20,1.300000,1.300000,1.300000,1.300000,1.300000,0
2020-04-21,1.250000,1.250000,1.110000,1.110000,1.110000,2100
2020-04-22,1.250000,1.250000,1.220000,1.220000,1.220000,600
2020-04-23,1.193000,1.193000,1.193000,1.193000,1.193000,100
2020-04-24,1.210000,1.210000,1.123000,1.210000,1.210000,5200
2020-04-27,1.210000,1.260000,1.210000,1.260000,1.260000,1600
2020-04-28,1.250000,1.250000,1.238000,1.238000,1.238000,800
2020-04-29,1.216000,1.230000,1.160000,1.200000,1.200000,900
2020-04-30,1.270000,1.270000,1.270000,1.270000,1.270000,900
2020-05-01,1.160000,1.180000,0.900000,1.150000,1.150000,14100
2020-05-04,1.090000,1.180000,1.050000,1.050000,1.050000,16100
2020-05-05,1.180000,1.500000,1.091000,1.300000,1.300000,305400
2020-05-06,1.300000,1.390000,1.050000,1.080000,1.080000,60100
2020-05-07,1.060000,1.070000,1.000000,1.030000,1.030000,12600
2020-05-08,1.030000,1.062000,1.000000,1.040000,1.040000,14200
2020-05-11,1.030000,1.090000,1.030000,1.040000,1.040000,11300
2020-05-12,1.060000,1.110000,1.030000,1.070000,1.070000,16500
2020-05-13,1.040000,1.040000,1.030000,1.030000,1.030000,3900
2020-05-14,1.070000,1.070000,1.040000,1.040000,1.040000,700
2020-05-15,1.043000,1.080000,1.040000,1.080000,1.080000,3400
2020-05-18,1.060000,1.080000,1.020000,1.030000,1.030000,23100
2020-05-19,1.080000,1.090000,1.000000,1.003000,1.003000,23900
2020-05-20,1.040000,1.070000,1.010000,1.070000,1.070000,6200
2020-05-21,1.080000,1.080000,1.060000,1.060000,1.060000,20400
2020-05-22,1.030000,1.060000,0.922000,1.045000,1.045000,29200
2020-05-26,1.010000,1.050000,0.986000,1.010000,1.010000,46900
2020-05-27,1.000000,1.000000,0.960000,0.970000,0.970000,10300
2020-05-28,0.930000,0.985000,0.930000,0.960000,0.960000,7000
2020-05-29,0.990000,1.000000,0.950000,0.950000,0.950000,9100
2020-06-01,1.030000,1.030000,0.950000,1.010000,1.010000,7500
2020-06-02,1.015000,1.020000,0.985000,0.990000,0.990000,33600
2020-06-03,1.050000,1.110000,0.960000,1.015000,1.015000,96700
2020-06-04,1.000000,1.090000,0.950000,0.968000,0.968000,80200
2020-06-05,1.010000,1.100000,0.970000,1.050000,1.050000,156700
2020-06-08,1.100000,1.250000,1.060000,1.200000,1.200000,136600
2020-06-09,1.340000,1.360000,1.140000,1.210000,1.210000,250400
2020-06-10,1.285000,1.310000,1.010000,1.110000,1.110000,92800
2020-06-11,1.060000,1.070000,0.990000,0.995000,0.995000,55500
2020-06-12,1.050000,1.330000,0.960000,1.030000,1.030000,489000
2020-06-15,1.080000,1.080000,1.000000,1.040000,1.040000,59100
2020-06-16,1.060000,1.170000,1.020000,1.155000,1.155000,188100
2020-06-17,1.350000,1.440000,1.200000,1.310000,1.310000,512300
2020-06-18,1.290000,1.480000,1.180000,1.350000,1.350000,190500
2020-06-19,1.440000,2.070000,1.320000,1.360000,1.360000,2353200
2020-06-22,1.320000,1.320000,1.160000,1.230000,1.230000,282400
2020-06-23,1.220000,1.470000,1.190000,1.300000,1.300000,245700
2020-06-24,1.220000,1.420000,1.170000,1.340000,1.340000,272500
2020-06-25,1.330000,1.400000,1.280000,1.310000,1.310000,128200
2020-06-26,1.330000,1.330000,1.220000,1.250000,1.250000,55300
2020-06-29,1.300000,1.940000,1.230000,1.370000,1.370000,2168200
2020-06-30,1.390000,2.180000,1.370000,1.760000,1.760000,3364600
2020-07-01,1.520000,1.630000,1.428000,1.490000,1.490000,502200
2020-07-02,1.450000,1.460000,1.310000,1.420000,1.420000,179400
2020-07-06,1.400000,1.770000,1.370000,1.520000,1.520000,579700
2020-07-07,1.520000,1.540000,1.370000,1.390000,1.390000,161500
2020-07-08,1.390000,1.490000,1.350000,1.370000,1.370000,119700
2020-07-09,1.430000,1.580000,1.370000,1.400000,1.400000,244300
2020-07-10,1.510000,1.524000,1.300000,1.460000,1.460000,196200
2020-07-13,1.450000,1.450000,1.340000,1.340000,1.340000,157600
2020-07-14,1.350000,1.370000,1.200000,1.300000,1.300000,175100
2020-07-15,1.305000,1.390000,1.290000,1.340000,1.340000,61200
2020-07-16,1.350000,1.374000,1.290000,1.330000,1.330000,32000
2020-07-17,1.360000,1.430000,1.310000,1.350000,1.350000,46400
2020-07-20,1.360000,1.370000,1.200000,1.360000,1.360000,72400
2020-07-21,1.380000,1.380000,1.260000,1.320000,1.320000,97500
2020-07-22,1.320000,1.640000,1.320000,1.460000,1.460000,1151500
2020-07-23,1.490000,1.540000,1.360000,1.460000,1.460000,246200
2020-07-24,1.440000,1.520000,1.400000,1.460000,1.460000,87400
2020-07-27,1.470000,1.497000,1.420000,1.440000,1.440000,76400
2020-07-28,1.440000,1.600000,1.400000,1.470000,1.470000,217100
2020-07-29,1.480000,1.540000,1.430000,1.470000,1.470000,227900
2020-07-30,1.510000,1.510000,1.350000,1.386000,1.386000,97200
2020-07-31,1.420000,1.550000,1.420000,1.420000,1.420000,131400
2020-08-03,1.410000,1.450000,1.380000,1.400000,1.400000,40100
2020-08-04,1.400000,2.050000,1.400000,1.750000,1.750000,4157400
2020-08-05,1.650000,1.670000,1.470000,1.580000,1.580000,648800
2020-08-06,1.510000,1.750000,1.470000,1.600000,1.600000,206500
2020-08-07,1.590000,1.890000,1.580000,1.720000,1.720000,503000
2020-08-10,1.700000,1.791000,1.670000,1.750000,1.750000,114600
2020-08-11,1.750000,1.750000,1.610000,1.630000,1.630000,133500
2020-08-12,1.640000,1.720000,1.590000,1.700000,1.700000,50300
2020-08-13,1.660000,2.100000,1.660000,2.040000,2.040000,515100
2020-08-14,2.040000,2.090000,1.900000,1.900000,1.900000,176100
2020-08-17,1.940000,2.020000,1.770000,1.800000,1.800000,66200
2020-08-18,1.800000,1.880000,1.760000,1.810000,1.810000,131900
2020-08-19,1.890000,1.890000,1.640000,1.650000,1.650000,104300
2020-08-20,1.680000,1.730000,1.340000,1.460000,1.460000,309700
2020-08-21,1.500000,1.587000,1.470000,1.490000,1.490000,149100
2020-08-24,1.540000,1.550000,1.360000,1.400000,1.400000,170700
2020-08-25,1.420000,2.480000,1.360000,2.350000,2.350000,13732400
2020-08-26,1.804000,2.206000,1.575000,1.890000,1.890000,7112800
2020-08-27,1.760000,1.830000,1.550000,1.695000,1.695000,988900
2020-08-28,1.610000,1.750000,1.550000,1.630000,1.630000,597500
2020-08-31,1.580000,1.650000,1.480000,1.520000,1.520000,411600
2020-09-01,1.530000,1.540000,1.390000,1.440000,1.440000,380400
2020-09-02,1.430000,1.470000,1.380000,1.460000,1.460000,203900
2020-09-03,1.430000,1.460000,1.380000,1.450000,1.450000,153200
2020-09-04,1.430000,1.500000,1.380000,1.390000,1.390000,102300
2020-09-08,1.400000,1.450000,1.270000,1.360000,1.360000,203100
2020-09-09,1.290000,1.380000,1.280000,1.350000,1.350000,110800
2020-09-10,1.340000,1.390000,1.310000,1.380000,1.380000,104400
2020-09-11,1.355000,1.399000,1.300000,1.310000,1.310000,65400
2020-09-14,1.360000,1.530000,1.305000,1.415000,1.415000,871500
2020-09-15,1.450000,1.450000,1.360000,1.380000,1.380000,440200
2020-09-16,1.410000,1.440000,1.310000,1.320000,1.320000,280900
2020-09-17,1.310000,1.420000,1.230000,1.360000,1.360000,454700
2020-09-18,1.350000,1.530000,1.310000,1.390000,1.390000,900200
2020-09-21,1.330000,1.385000,1.280000,1.300000,1.300000,162700
2020-09-22,1.360000,1.370000,1.260000,1.370000,1.370000,172000
2020-09-23,1.360000,1.895000,1.290000,1.300000,1.300000,2798400
2020-09-24,1.390000,2.150000,1.380000,1.830000,1.830000,9428900
2020-09-25,2.000000,2.580000,1.500000,1.590000,1.590000,8771400
2020-09-28,1.590000,1.760000,1.500000,1.640000,1.640000,1867000
2020-09-29,1.590000,1.590000,1.460000,1.560000,1.560000,572700
2020-09-30,1.520000,1.660000,1.500000,1.540000,1.540000,320700
2020-10-01,1.520000,1.600000,1.450000,1.450000,1.450000,230600
2020-10-02,1.400000,1.580000,1.330000,1.480000,1.480000,364300
2020-10-05,1.480000,1.755000,1.465000,1.570000,1.570000,943500
2020-10-06,3.320000,9.430000,2.900000,4.800000,4.800000,321675900
2020-10-07,5.550000,7.410000,4.840000,6.890000,6.890000,42385100
2020-10-08,5.820000,6.000000,5.140000,5.150000,5.150000,6054500
2020-10-09,5.150000,5.490000,4.210000,4.480000,4.480000,3576200
2020-10-12,4.420000,4.740000,4.000000,4.020000,4.020000,1683200
2020-10-13,4.020000,4.020000,3.380000,3.410000,3.410000,1704500
2020-10-14,3.460000,3.740000,3.170000,3.180000,3.180000,1774200
2020-10-15,3.090000,3.450000,3.030000,3.250000,3.250000,1641100
2020-10-16,3.180000,3.270000,3.020000,3.090000,3.090000,791600
2020-10-19,3.140000,3.160000,2.620000,2.630000,2.630000,869100
2020-10-20,2.700000,4.290000,2.700000,3.150000,3.150000,15019400
2020-10-21,2.800000,3.180000,2.770000,3.120000,3.120000,1512100
2020-10-22,2.930000,2.960000,2.800000,2.870000,2.870000,495500
2020-10-23,2.850000,2.970000,2.800000,2.830000,2.830000,310000
2020-10-26,2.800000,2.860000,2.590000,2.620000,2.620000,401300
2020-10-27,2.650000,2.752000,2.620000,2.640000,2.640000,315900
2020-10-28,2.560000,2.633000,2.340000,2.570000,2.570000,737100
2020-10-29,2.730000,3.190000,2.660000,2.940000,2.940000,6412800
2020-10-30,2.700000,2.900000,2.580000,2.860000,2.860000,904700
2020-11-02,2.840000,2.954000,2.790000,2.820000,2.820000,288100
2020-11-03,2.790000,2.800000,2.700000,2.740000,2.740000,181500
2020-11-04,2.720000,2.740000,2.520000,2.520000,2.520000,338800
2020-11-05,2.880000,2.880000,2.600000,2.750000,2.750000,355500
2020-11-06,2.680000,2.710000,2.580000,2.620000,2.620000,296100
2020-11-09,2.740000,2.750000,2.550000,2.610000,2.610000,831400
2020-11-10,2.599000,2.637000,2.470000,2.550000,2.550000,311600
2020-11-11,2.570000,2.645000,2.460000,2.630000,2.630000,350400
2020-11-12,2.690000,2.840000,2.580000,2.790000,2.790000,1404300
2020-11-13,2.900000,3.250000,2.785000,2.950000,2.950000,3943600
2020-11-16,3.020000,4.480000,3.020000,4.290000,4.290000,12071800
2020-11-17,3.560000,3.780000,3.310000,3.740000,3.740000,2384400
2020-11-18,3.700000,3.736000,3.350000,3.430000,3.430000,1228200
2020-11-19,3.480000,3.690000,3.300000,3.570000,3.570000,1228200
2020-11-20,3.630000,4.347000,3.580000,3.910000,3.910000,2418500
2020-11-23,4.080000,5.450000,4.080000,5.270000,5.270000,4942300
2020-11-24,5.120000,5.120000,4.160000,4.320000,4.320000,2123000
2020-11-25,4.240000,4.700000,4.120000,4.230000,4.230000,1000700
2020-11-27,4.300000,4.440000,4.050000,4.130000,4.130000,488900
2020-11-30,4.190000,4.210000,3.450000,3.770000,3.770000,1173600
2020-12-01,3.810000,3.890000,3.470000,3.500000,3.500000,404200
2020-12-02,3.340000,3.620000,3.190000,3.560000,3.560000,449800
2020-12-03,3.590000,3.640000,3.400000,3.537000,3.537000,348000
2020-12-04,5.010000,6.160000,4.340000,4.400000,4.400000,118119200
2020-12-07,4.090000,4.910000,3.890000,4.700000,4.700000,3691400
2020-12-08,4.700000,4.940000,4.225000,4.340000,4.340000,1273700
2020-12-09,4.250000,4.420000,3.800000,3.810000,3.810000,1151800
2020-12-10,4.190000,4.250000,3.940000,3.990000,3.990000,1183200
2020-12-11,3.950000,4.000000,3.760000,3.880000,3.880000,519700